Subject BgtA AgtB B A BgtPRE PREgtB AgtPRE PREgtA PRE
1001 	-0.2635482873  	0.2635482873  	-0.6654006755  	-0.5957981812  	-1.775716325  	1.775716325  	-1.732568985  	1.732568985  	1.29207886  
1002 	0.262312177  	-0.262312177  	0.1953392565  	0.05706890891  	-0.3994292684  	0.3994292684  	-0.5016394874  	0.5016394874  	0.4363490189  
1003 	1.583875159  	-1.583875159  	0.7092032836  	-0.1862080864  	-0.0110883534  	0.0110883534  	-0.9964196873  	0.9964196873  	0.6142025524  
1006 	9.728610932e-06  	-9.728610932e-06  	1.083011811  	0.8990813439  	-0.4992589416  	0.4992589416  	-0.4284841227  	0.4284841227  	1.25040248  
1022 	1.222482922  	-1.222482922  	-0.02584426566  	-0.7178114976  	0.5080431381  	-0.5080431381  	-0.4009450594  	0.4009450594  	-0.4590991519  
1023 	-0.04437924626  	0.04437924626  	0.1106904201  	0.1184171499  	-0.1283212077  	0.1283212077  	-0.1106141944  	0.1106141944  	0.1875100134  
1029 	0.2208312272  	-0.2208312272  	-0.4370917171  	-0.5224294148  	-1.033495412  	1.033495412  	-1.079754325  	1.079754325  	0.5378383334  
1031 	-0.6036072525  	0.6036072525  	-0.6220621923  	-0.3567841229  	-1.707783786  	1.707783786  	-1.365478907  	1.365478907  	0.8731568677  
1034 	0.2725417613  	-0.2725417613  	1.155839288  	0.9330766488  	-0.5090844754  	0.5090844754  	-0.6142625915  	0.6142625915  	1.193347421  
1036 	-0.1151952288  	0.1151952288  	0.1410837179  	0.1853225112  	0.2571768535  	-0.2571768535  	0.2856317949  	-0.2856317949  	-0.1107692302  
1038 	0.0008555577939  	-0.0008555577939  	-0.1252556864  	-0.1247882683  	-0.4175712463  	0.4175712463  	-0.3779974929  	0.3779974929  	0.2397212931  
1039 	0.6648572013  	-0.6648572013  	-0.2566112867  	-0.5002691885  	-0.2547182941  	0.2547182941  	-0.4406039851  	0.4406039851  	0.06045317574  
1040 	0.3164433412  	-0.3164433412  	0.145937475  	-0.006730508027  	-0.007517072222  	0.007517072222  	-0.1030355105  	0.1030355105  	0.114301132  
1043 	0.1401004996  	-0.1401004996  	-0.4469497538  	-0.4980015126  	-1.394677631  	1.394677631  	-1.520342569  	1.520342569  	1.008513298  
1048 	-1.176632217  	1.176632217  	-0.4652369068  	0.2465320449  	-1.306476521  	1.306476521  	-0.3600522766  	0.3600522766  	0.5928266766  
1049 	0.3742197029  	-0.3742197029  	0.1113977119  	-0.07641766256  	-0.9437590659  	0.9437590659  	-0.9991125625  	0.9991125625  	0.9085905892  
1051 	0.8109864056  	-0.8109864056  	0.3781428513  	-0.02543430548  	-0.5781466574  	0.5781466574  	-0.9881133091  	0.9881133091  	0.8492733309  
1053 	0.5603611373  	-0.5603611373  	0.2799871635  	-0.02530287985  	0.1026162635  	-0.1026162635  	-0.2577480555  	0.2577480555  	0.2005625278  
1056 	-0.9238276166  	0.9238276166  	-0.2675702293  	0.1333924088  	-0.7874852722  	0.7874852722  	-0.4038622065  	0.4038622065  	0.6343049068  
1060 	0.7596880863  	-0.7596880863  	-0.8078244851  	-1.149845569  	-0.4108960609  	0.4108960609  	-0.8143002224  	0.8143002224  	-0.3436334173  
1062 	0.7065586066  	-0.7065586066  	-0.860914834  	-1.119912256  	-0.455362996  	0.455362996  	-0.9236378336  	0.9236378336  	-0.6207337722  
1077 	0.9237418337  	-0.9237418337  	-0.08142349981  	-0.4471269084  	1.077637224  	-1.077637224  	0.5923348145  	-0.5923348145  	-0.9734804547  
1080 	-0.2619650604  	0.2619650604  	0.3632836799  	0.4285955464  	-0.4343656174  	0.4343656174  	-0.3172346875  	0.3172346875  	0.655519739  
1089 	-0.7208068757  	0.7208068757  	-0.8351544805  	-0.4543537826  	-1.704121958  	1.704121958  	-1.436706723  	1.436706723  	1.100835284  
1090 	0.6907981724  	-0.6907981724  	1.018461111  	0.5810613529  	-0.8771383702  	0.8771383702  	-1.116756494  	1.116756494  	1.395259501  
1097 	-1.194201164  	1.194201164  	0.3806620941  	0.9245159361  	-1.939802859  	1.939802859  	-1.180043147  	1.180043147  	2.039978615  
1098 	1.21593405  	-1.21593405  	-0.4639869318  	-1.045676755  	-0.8048606516  	0.8048606516  	-1.224969651  	1.224969651  	0.4332300308  
1101 	-0.129283828  	0.129283828  	-0.6610541629  	-0.5465706104  	1.138989316  	-1.138989316  	1.140106347  	-1.140106347  	-1.221573536  
1102 	0.4229310102  	-0.4229310102  	0.6265446279  	0.4232057633  	-0.3270915318  	0.3270915318  	-0.5591724976  	0.5591724976  	0.9919148466  
1105 	0.6738308397  	-0.6738308397  	0.6183237114  	0.3459594718  	-0.846409212  	0.846409212  	-0.9770999705  	0.9770999705  	1.008803436  
1106 	0.8193925354  	-0.8193925354  	1.304018587  	0.9213510516  	-0.04928174593  	0.04928174593  	-0.3051724968  	0.3051724968  	0.7935322287  
1107 	0.3438489313  	-0.3438489313  	-0.4303604631  	-0.5503541137  	-1.611564883  	1.611564883  	-1.729502211  	1.729502211  	1.23762683  
1115 	-1.582639467  	1.582639467  	-0.6023248042  	0.3203386423  	-2.511471374  	2.511471374  	-1.840918257  	1.840918257  	1.933963857  
1116 	-0.2605156649  	0.2605156649  	0.08443014327  	0.2118324415  	-0.2535515858  	0.2535515858  	-0.1559632568  	0.1559632568  	0.3009524326  
1117 	1.068347369  	-1.068347369  	0.4015787429  	-0.1552220687  	-0.6974579125  	0.6974579125  	-1.283400118  	1.283400118  	1.034881758  
1118 	0.9355145491  	-0.9355145491  	0.5081470983  	0.07919534544  	0.4828948726  	-0.4828948726  	0.1896399379  	-0.1896399379  	-0.1337077769  
1119 	0.6892265611  	-0.6892265611  	-0.05541515858  	-0.3912962577  	-0.835465645  	0.835465645  	-1.109920853  	1.109920853  	0.7609030771  
1124 	0.6552410403  	-0.6552410403  	-0.7582630419  	-1.113285387  	-0.9225025496  	0.9225025496  	-1.241304545  	1.241304545  	-0.07634474427  
1125 	0.3793241065  	-0.3793241065  	0.5615646676  	0.3620672542  	-1.070441639  	1.070441639  	-1.178578519  	1.178578519  	1.309087551  
1127 	-1.28790642  	1.28790642  	-0.3926242285  	0.2867995052  	-1.973328881  	1.973328881  	-1.422243528  	1.422243528  	1.426257207  
1128 	0.6792428535  	-0.6792428535  	0.2832665459  	-0.0476630083  	0.7492363021  	-0.7492363021  	0.5364874671  	-0.5364874671  	-0.4818890187  
1134 	-1.407080786  	1.407080786  	-0.6326186295  	0.1133178747  	-0.877151949  	0.877151949  	-0.3886608713  	0.3886608713  	0.4339453563  
1135 	-0.3282313475  	0.3282313475  	0.1841616297  	0.3129280251  	0.2031168729  	-0.2031168729  	0.2791631828  	-0.2791631828  	-0.1235421979  
1136 	1.083094407  	-1.083094407  	1.313850999  	0.9593074057  	-0.06295854701  	0.06295854701  	-0.5454692106  	0.5454692106  	1.120572858  
1137 	0.9211427657  	-0.9211427657  	-0.1388137408  	-0.5109561287  	0.1617938208  	-0.1617938208  	-0.1265552909  	0.1265552909  	-0.2609341001  
1138 	-0.5917143679  	0.5917143679  	0.878313819  	1.052787531  	-0.2258313866  	0.2258313866  	-0.0007483894741  	0.0007483894741  	0.8183243939  
1139 	-1.161754427  	1.161754427  	-0.09962657706  	0.5318946773  	-0.2075141827  	0.2075141827  	0.5421686247  	-0.5421686247  	0.07977427554  
1145 	-0.09639816121  	0.09639816121  	0.6522016766  	0.6903833383  	-0.8853596075  	0.8853596075  	-0.8856244325  	0.8856244325  	1.192787471  
1147 	-0.09469111076  	0.09469111076  	1.146926867  	1.193939332  	0.8239208775  	-0.8239208775  	0.8967026461  	-0.8967026461  	0.4137132751  
1148 	0.2995148192  	-0.2995148192  	0.8441720207  	0.6803929427  	-0.2814525022  	0.2814525022  	-0.3818987806  	0.3818987806  	0.8505043688  
1150 	0.8747194146  	-0.8747194146  	1.061894193  	0.6208347971  	0.1641812853  	-0.1641812853  	-0.1427924091  	0.1427924091  	0.5185121168  
1151 	-0.2664383352  	0.2664383352  	-0.1828379895  	-0.04128807197  	-0.6324029819  	0.6324029819  	-0.4729964598  	0.4729964598  	0.3912692578  
1152 	-0.9667765231  	0.9667765231  	-1.258283712  	-0.5266362867  	-1.977966744  	1.977966744  	-0.7994581838  	0.7994581838  	0.1150613554  
1153 	0.2071540304  	-0.2071540304  	0.9771157665  	0.7838650464  	-0.9296105023  	0.9296105023  	-0.9128169955  	0.9128169955  	1.29266853  
1154 	-0.1010788271  	0.1010788271  	0.1289484811  	0.1653725519  	-0.02209580195  	0.02209580195  	0.02006506397  	-0.02006506397  	0.1424634381  
1158 	-0.02842562507  	0.02842562507  	0.7976883426  	0.7260883954  	-0.334474681  	0.334474681  	-0.326500513  	0.326500513  	0.8230027073  
1162 	0.6262520381  	-0.6262520381  	1.11380558  	0.7586612056  	1.341907114  	-1.341907114  	0.9442571329  	-0.9442571329  	-0.05213585784  
1166 	1.109122043  	-1.109122043  	0.2842821795  	-0.2946549377  	-1.441067647  	1.441067647  	-2.251502795  	2.251502795  	1.335143236  
1167 	-1.940348581  	1.940348581  	-1.513282611  	-0.3925567647  	-1.995716464  	1.995716464  	-0.5554837848  	0.5554837848  	0.1291310675  
1171 	0.6120084802  	-0.6120084802  	0.7568061322  	0.4601353483  	0.3416441086  	-0.3416441086  	0.08650872736  	-0.08650872736  	0.2327986467  
1173 	-0.4759081677  	0.4759081677  	-0.2388857816  	0.00027456069  	-2.042577428  	2.042577428  	-1.724126433  	1.724126433  	1.37231031  
1175 	-0.2820349946  	0.2820349946  	0.7573892964  	0.9041744881  	0.05534410505  	-0.05534410505  	0.1510603134  	-0.1510603134  	0.4815360042  
1180 	1.715264438  	-1.715264438  	1.359695742  	0.2828786724  	0.2644228068  	-0.2644228068  	-0.6118549131  	0.6118549131  	0.8339745558  
1181 	0.4067632262  	-0.4067632262  	0.8335065384  	0.6501918005  	0.2681524767  	-0.2681524767  	0.07939036274  	-0.07939036274  	0.571766331  
1182 	-1.231750799  	1.231750799  	0.3946581255  	1.030202306  	0.3110006554  	-0.3110006554  	0.7683508556  	-0.7683508556  	0.006782397303  
1183 	0.3088306126  	-0.3088306126  	-0.4458918845  	-0.6395593634  	0.3122321672  	-0.3122321672  	0.1456768446  	-0.1456768446  	-0.778753256  
1185 	0.6600277768  	-0.6600277768  	0.6982188263  	0.3758484835  	0.1660299162  	-0.1660299162  	-0.2600241268  	0.2600241268  	0.6291363582  
1191 	0.8068108385  	-0.8068108385  	0.6139742517  	0.06353283205  	-1.319666528  	1.319666528  	-1.7356685  	1.7356685  	1.372458757  
1195 	0.8378947526  	-0.8378947526  	0.552472451  	0.1272781709  	1.207235663  	-1.207235663  	0.6825093679  	-0.6825093679  	-0.4848931795  
1196 	-0.1206759741  	0.1206759741  	1.534392393  	1.643860449  	0.8325753829  	-0.8325753829  	0.9580289258  	-0.9580289258  	0.6439851936  
1197 	0.5162789604  	-0.5162789604  	-0.9903527278  	-1.199780622  	-0.1353172915  	0.1353172915  	-0.3414226551  	0.3414226551  	-0.6603378219  
1202 	0.4606368986  	-0.4606368986  	0.7796907037  	0.4844053837  	-0.308677517  	0.308677517  	-0.5096301302  	0.5096301302  	1.024622645  
1203 	1.773454352  	-1.773454352  	2.085272479  	1.226361174  	0.6499703309  	-0.6499703309  	-0.2892508063  	0.2892508063  	1.463351469  
1205 	1.160847821  	-1.160847821  	1.32176392  	0.4707899138  	-0.3877465739  	0.3877465739  	-1.017986255  	1.017986255  	1.401254382  
1207 	0.6916850921  	-0.6916850921  	0.1754615953  	-0.1738135622  	0.004384120583  	-0.004384120583  	-0.3545836506  	0.3545836506  	0.1706275174  
1208 	1.15406031  	-1.15406031  	0.830661904  	0.07637703774  	-1.039789659  	1.039789659  	-1.623217339  	1.623217339  	1.729209644  
1212 	-0.975123  	0.975123  	0.2166011216  	0.6312590637  	0.2537782917  	-0.2537782917  	0.4694252049  	-0.4694252049  	-0.1301714115  
1214 	1.267443302  	-1.267443302  	-0.6578620789  	-1.158349674  	-1.592524529  	1.592524529  	-2.04000453  	2.04000453  	0.8428532728  
1215 	0.8163144402  	-0.8163144402  	-0.2531037307  	-0.5860573686  	0.5669266399  	-0.5669266399  	0.3349977962  	-0.3349977962  	-0.5941195461  
1216 	0.2196032198  	-0.2196032198  	-0.179604489  	-0.2580717284  	0.08064138213  	-0.08064138213  	-0.0303327716  	0.0303327716  	-0.2084319391  
1218 	1.990956671  	-1.990956671  	0.2818714849  	-0.5460301623  	-0.4102242967  	0.4102242967  	-1.154815422  	1.154815422  	0.7365421563  
1219 	1.257515346  	-1.257515346  	-0.4287602168  	-1.060669565  	-1.878656383  	1.878656383  	-2.575533115  	2.575533115  	1.429296046  
1222 	-0.7933457381  	0.7933457381  	0.4398424381  	0.8364643057  	-0.1826130942  	0.1826130942  	0.2848110197  	-0.2848110197  	0.5764087613  
1226 	-1.111549655  	1.111549655  	1.466764205  	1.830866963  	1.052497086  	-1.052497086  	1.463860278  	-1.463860278  	0.6976102972  
1227 	-0.8295042854  	0.8295042854  	-0.0829253843  	0.3529498671  	-0.9567094607  	0.9567094607  	-0.5516469115  	0.5516469115  	0.8747373972  
1228 	1.159424859  	-1.159424859  	2.03570914  	1.566877928  	0.4171662917  	-0.4171662917  	0.01741025828  	-0.01741025828  	0.9456086049  
1233 	1.555794267  	-1.555794267  	0.5872609377  	-0.2831391155  	-0.1316801638  	0.1316801638  	-0.6753422302  	0.6753422302  	0.4388033157  
1237 	0.5705787946  	-0.5705787946  	0.2137553629  	-0.03997637588  	-1.193846059  	1.193846059  	-1.390419727  	1.390419727  	1.150741642  
1239 	-0.6074721925  	0.6074721925  	1.332978878  	1.43269776  	-1.732016714  	1.732016714  	-1.45002653  	1.45002653  	2.299670615  
1240 	1.031103305  	-1.031103305  	2.660872326  	2.033958869  	0.9505225316  	-0.9505225316  	0.4605097931  	-0.4605097931  	1.28793775  
1241 	0.1359374188  	-0.1359374188  	1.159967396  	0.9799240325  	0.04663281051  	-0.04663281051  	-0.02770424607  	0.02770424607  	1.158319265  
1244 	0.9743841017  	-0.9743841017  	1.780992954  	1.115219588  	-0.7158278333  	0.7158278333  	-1.343489053  	1.343489053  	2.082081221  
1245 	0.6109183952  	-0.6109183952  	0.4775825651  	0.1928474943  	-0.5275754428  	0.5275754428  	-0.7492909127  	0.7492909127  	0.827795298  
1246 	1.336564706  	-1.336564706  	-1.60160274  	-2.130025583  	-0.4775244862  	0.4775244862  	-1.133010807  	1.133010807  	-1.193924043  
1248 	-0.8729006728  	0.8729006728  	-2.698870609  	-2.230521676  	-2.359702007  	2.359702007  	-2.042382175  	2.042382175  	-0.7550879269  
1249 	0.7917016759  	-0.7917016759  	0.7636567302  	0.2580109493  	-0.07194371182  	0.07194371182  	-0.5932213505  	0.5932213505  	0.9959257134  
1250 	-0.06771275369  	0.06771275369  	-0.6200837697  	-0.4870360072  	0.2438941745  	-0.2438941745  	0.2676902576  	-0.2676902576  	-0.8068414628  
1253 	0.675214053  	-0.675214053  	-0.9816158693  	-1.154007304  	-2.008036208  	2.008036208  	-1.969910955  	1.969910955  	0.9495640759  
1256 	-0.6951130544  	0.6951130544  	0.1830572327  	0.5007550994  	0.2323565948  	-0.2323565948  	0.5763519515  	-0.5763519515  	-0.01361124944  
1262 	0.955544728  	-0.955544728  	0.02726477359  	-0.497519867  	-0.3385973153  	0.3385973153  	-1.001142985  	1.001142985  	0.3017599905  
