Subject BgtA AgtB B A BgtPRE PREgtB AgtPRE PREgtA PRE
1001 	0.1897728355  	-0.1897728355  	0.1021471883  	0.05420770575  	-2.087266217  	2.087266217  	-2.146289001  	2.146289001  	1.988863589  
1002 	-0.2973312969  	0.2973312969  	0.5873955909  	0.7600767217  	0.06395542928  	-0.06395542928  	0.1730221338  	-0.1730221338  	0.2873279291  
1003 	-0.2951590245  	0.2951590245  	-0.2587734898  	-0.09040200995  	0.1228489532  	-0.1228489532  	0.3151590465  	-0.3151590465  	-0.3164734634  
1006 	1.114652831  	-1.114652831  	1.20548295  	0.5465619855  	0.02701242219  	-0.02701242219  	-0.559225251  	0.559225251  	1.002279019  
1022 	2.252562518  	-2.252562518  	0.4510099434  	-0.8907868807  	2.225161491  	-2.225161491  	0.3486988865  	-0.3486988865  	-1.370247367  
1023 	0.2805280745  	-0.2805280745  	0.03041833817  	-0.09731725543  	-0.2405819984  	0.2405819984  	-0.3188050152  	0.3188050152  	0.2160168052  
1029 	0.2126685733  	-0.2126685733  	-0.004018598244  	-0.111661629  	-0.3335826497  	0.3335826497  	-0.4253862358  	0.4253862358  	0.3060670904  
1031 	0.5000324224  	-0.5000324224  	0.1568742434  	-0.06731201355  	0.2753277603  	-0.2753277603  	0.04135080255  	-0.04135080255  	-0.08984111127  
1034 	0.4254908671  	-0.4254908671  	1.53537666  	1.206201156  	0.006467441158  	-0.006467441158  	-0.150588  	0.150588  	1.004622588  
1036 	-1.245521119  	1.245521119  	0.5291919562  	1.069575863  	1.052115425  	-1.052115425  	1.41037213  	-1.41037213  	-0.4996177733  
1038 	-0.8977176805  	0.8977176805  	0.1243515819  	0.5062192252  	0.7781550117  	-0.7781550117  	1.103496007  	-1.103496007  	-0.5051918893  
1039 	0.3786903922  	-0.3786903922  	-0.3396372955  	-0.4616766707  	0.1895340495  	-0.1895340495  	0.06381816091  	-0.06381816091  	-0.4202970744  
1040 	0.7192382676  	-0.7192382676  	-0.3255396414  	-0.5814893752  	-1.401255419  	1.401255419  	-1.558560588  	1.558560588  	1.380191412  
1043 	-0.7622600985  	0.7622600985  	-0.3109764359  	0.09379930876  	-0.8648139261  	0.8648139261  	-0.5036823168  	0.5036823168  	0.5960663204  
1048 	-0.3119758136  	0.3119758136  	-0.1674645739  	0.01997001574  	0.4522778785  	-0.4522778785  	0.6301793566  	-0.6301793566  	-0.5314118805  
1049 	0.2734662693  	-0.2734662693  	-0.5731730703  	-0.6338646916  	-1.574724292  	1.574724292  	-1.527354311  	1.527354311  	0.9804927765  
1051 	0.6008915824  	-0.6008915824  	0.774970889  	0.5535473838  	-1.052036945  	1.052036945  	-1.369586301  	1.369586301  	1.590961211  
1053 	0.6657352537  	-0.6657352537  	-0.5125982459  	-0.8901963492  	-0.6567964936  	0.6567964936  	-1.096386432  	1.096386432  	-0.02860967872  
1056 	-0.2733381295  	0.2733381295  	0.5862820154  	0.6091518586  	0.6611372349  	-0.6611372349  	0.6941638224  	-0.6941638224  	-0.2306718207  
1060 	-0.0215717556  	0.0215717556  	-0.4487445156  	-0.3905693688  	-0.7808401691  	0.7808401691  	-0.7474403166  	0.7474403166  	0.2849326174  
1062 	0.2704562424  	-0.2704562424  	0.1901665967  	0.0516175265  	-0.1172984381  	0.1172984381  	-0.3009176325  	0.3009176325  	0.3375101147  
1077 	0.9030334604  	-0.9030334604  	0.1058210019  	-0.2613180926  	0.8608508587  	-0.8608508587  	0.3995414891  	-0.3995414891  	-0.6308335348  
1080 	-0.1593525679  	0.1593525679  	0.6947072924  	0.6806188098  	0.278184377  	-0.278184377  	0.3566747003  	-0.3566747003  	0.3660854064  
1089 	1.620283975  	-1.620283975  	0.7578966413  	-0.02166586103  	-1.257940526  	1.257940526  	-1.695234099  	1.695234099  	1.581039847  
1090 	0.1940076972  	-0.1940076972  	-0.5784479769  	-0.6204488215  	-0.9482188925  	0.9482188925  	-1.004922905  	1.004922905  	0.4627846547  
1097 	-0.2971977936  	0.2971977936  	-0.04276505374  	0.09490902157  	-0.8868661575  	0.8868661575  	-0.6581075313  	0.6581075313  	0.7295930366  
1098 	0.2920079776  	-0.2920079776  	-0.9483817847  	-0.9995314029  	-1.195725172  	1.195725172  	-1.242277461  	1.242277461  	0.4548274669  
1101 	0.9219143684  	-0.9219143684  	-0.4358829306  	-0.7196398848  	0.05673696807  	-0.05673696807  	-0.005393615809  	0.005393615809  	-0.1272946426  
1102 	0.5784261555  	-0.5784261555  	0.8947686483  	0.6414216868  	-0.2158343216  	0.2158343216  	-0.5678284095  	0.5678284095  	1.171196815  
1105 	0.8365580135  	-0.8365580135  	1.431187532  	1.124560736  	-1.836348055  	1.836348055  	-1.930854132  	1.930854132  	2.21317684  
1106 	1.648237676  	-1.648237676  	1.740347954  	1.010169968  	0.05841213882  	-0.05841213882  	-0.443284461  	0.443284461  	0.9425664808  
1107 	1.5814182  	-1.5814182  	0.7236147753  	0.02392916036  	-0.6458546023  	0.6458546023  	-1.184259361  	1.184259361  	1.025642224  
1115 	-0.8540020374  	0.8540020374  	0.08938679303  	0.4906992806  	-0.7118832703  	0.7118832703  	-0.3654047923  	0.3654047923  	0.6495873098  
1116 	0.07365787511  	-0.07365787511  	0.291466617  	0.2466777603  	0.3145959849  	-0.3145959849  	0.2739635558  	-0.2739635558  	-0.1019279922  
1117 	0.7840319164  	-0.7840319164  	0.7091665687  	0.3020508464  	-0.4739939272  	0.4739939272  	-0.9115813876  	0.9115813876  	1.129355877  
1118 	-1.375203587  	1.375203587  	-0.561112601  	0.07222326654  	-0.6880909722  	0.6880909722  	-0.2408992448  	0.2408992448  	0.283432815  
1119 	-0.3702989574  	0.3702989574  	0.01427109618  	0.1980603291  	-0.4866690179  	0.4866690179  	-0.2977784155  	0.2977784155  	0.4792394768  
1124 	0.4051946553  	-0.4051946553  	-0.6040568084  	-0.8173300429  	-0.4969065867  	0.4969065867  	-0.7299710861  	0.7299710861  	-0.2974312662  
1125 	0.5013085445  	-0.5013085445  	0.9535773033  	0.7001510603  	0.8567895736  	-0.8567895736  	0.7017484104  	-0.7017484104  	-0.1999726521  
1127 	-0.6607720043  	0.6607720043  	0.108825023  	0.4091295104  	-0.2573631973  	0.2573631973  	0.006111219745  	-0.006111219745  	0.2809363385  
1128 	0.3311838429  	-0.3311838429  	0.4573063358  	0.2800765038  	-0.7404315573  	0.7404315573  	-0.8431797233  	0.8431797233  	0.8771182718  
1134 	-0.638514441  	0.638514441  	0.5040665375  	0.7821938099  	-0.08779195123  	0.08779195123  	0.1272671725  	-0.1272671725  	0.3946784263  
1135 	0.05757998617  	-0.05757998617  	-0.6011863172  	-0.6036623363  	-1.095109458  	1.095109458  	-1.104049292  	1.104049292  	0.892013687  
1136 	0.3583744107  	-0.3583744107  	-0.1181207912  	-0.2893469117  	-0.9504372898  	0.9504372898  	-1.111674127  	1.111674127  	0.6278770042  
1137 	0.05813750644  	-0.05813750644  	-0.8676722564  	-0.9018568479  	-0.4128704338  	0.4128704338  	-0.4584574555  	0.4584574555  	-0.2464268577  
1138 	-0.8307411054  	0.8307411054  	0.6021470931  	0.9654574885  	0.9891580807  	-0.9891580807  	1.28856875  	-1.28856875  	-0.6389294765  
1139 	-0.8826935344  	0.8826935344  	-0.2896405552  	0.1884875291  	-0.2946452272  	0.2946452272  	0.2743013407  	-0.2743013407  	-0.04797001433  
1145 	0.8685231689  	-0.8685231689  	0.4618581039  	0.1253533183  	-0.6332976556  	0.6332976556  	-0.9574504965  	0.9574504965  	0.813273394  
1147 	-1.133247387  	1.133247387  	-0.1525980402  	0.4204154402  	-0.8105738807  	0.8105738807  	-0.204646526  	0.204646526  	0.6695199113  
1148 	0.2151833051  	-0.2151833051  	-0.7722472528  	-0.844483357  	-0.7594163132  	0.7594163132  	-0.8330130025  	0.8330130025  	0.2088384359  
1150 	1.085609044  	-1.085609044  	0.1565641241  	-0.3991993083  	-1.223675056  	1.223675056  	-1.54693136  	1.54693136  	1.12746484  
1151 	-0.06658880934  	0.06658880934  	-0.2039515385  	-0.170938183  	0.2783338059  	-0.2783338059  	0.3127399422  	-0.3127399422  	-0.4585490632  
1152 	-1.615625258  	1.615625258  	-0.5800116553  	0.3193612724  	-1.927338492  	1.927338492  	-0.1743262244  	0.1743262244  	0.5823520136  
1153 	0.6022198511  	-0.6022198511  	0.1645544467  	-0.1725743945  	-0.867864476  	0.867864476  	-1.003044524  	1.003044524  	0.7650910686  
1154 	0.291194193  	-0.291194193  	-0.3081576267  	-0.4117139712  	-1.28873714  	1.28873714  	-1.356454934  	1.356454934  	1.019443743  
1158 	0.5614467098  	-0.5614467098  	-0.3080943695  	-0.5231041725  	-1.477149581  	1.477149581  	-1.70000778  	1.70000778  	0.9016658362  
1162 	0.2925134983  	-0.2925134983  	1.2251115  	1.016715883  	0.9888587158  	-0.9888587158  	0.774250978  	-0.774250978  	0.303857131  
1166 	0.3207811061  	-0.3207811061  	-0.422934039  	-0.5956880068  	-1.613388279  	1.613388279  	-1.959934668  	1.959934668  	0.7071055404  
1167 	0.06324409139  	-0.06324409139  	-0.6509959109  	-0.6181250901  	-0.3778646543  	0.3778646543  	-0.335538355  	0.335538355  	-0.3427777727  
1171 	-0.1573613573  	0.1573613573  	1.294437726  	1.347612987  	0.3701644429  	-0.3701644429  	0.4223620578  	-0.4223620578  	0.60135462  
1173 	-1.029389416  	1.029389416  	-0.1369610181  	0.3538901448  	-0.5166551614  	0.5166551614  	-0.06865878189  	0.06865878189  	0.299314551  
1175 	0.5149413091  	-0.5149413091  	-0.1839282612  	-0.4395741817  	0.2184789908  	-0.2184789908  	0.02600999084  	-0.02600999084  	-0.3392390879  
1180 	1.480301782  	-1.480301782  	1.08358731  	0.1684217516  	0.2536135444  	-0.2536135444  	-0.5077630041  	0.5077630041  	0.6183338239  
1181 	-0.5585707711  	0.5585707711  	0.1123638229  	0.2971331456  	-0.2571259537  	0.2571259537  	-0.0006283365175  	0.0006283365175  	0.3101524404  
1182 	-0.6816257077  	0.6816257077  	1.33723144  	1.620267922  	0.8005243995  	-0.8005243995  	1.035061302  	-1.035061302  	0.2746646226  
1183 	1.406218462  	-1.406218462  	0.2006450961  	-0.571590889  	0.6868772952  	-0.6868772952  	-0.2806106178  	0.2806106178  	-0.3069424818  
1185 	-0.8858549198  	0.8858549198  	1.463166888  	1.792948424  	0.9599295382  	-0.9599295382  	1.410791757  	-1.410791757  	0.9906853713  
1191 	2.584718216  	-2.584718216  	-0.8569198762  	-2.044208804  	-0.4637330892  	0.4637330892  	-1.51931159  	1.51931159  	0.002642859379  
1195 	1.164219341  	-1.164219341  	1.170499348  	0.6045672043  	1.229681214  	-1.229681214  	0.492064702  	-0.492064702  	0.2708450512  
1196 	-0.7359276778  	0.7359276778  	-0.3159946329  	0.001130821735  	-0.7391964644  	0.7391964644  	-0.4971844241  	0.4971844241  	0.5254530232  
1197 	1.51777595  	-1.51777595  	-0.2534113471  	-0.9813759649  	1.528336778  	-1.528336778  	0.7281944368  	-0.7281944368  	-1.434215198  
1202 	0.05658250807  	-0.05658250807  	1.161623146  	1.013994395  	0.1219913263  	-0.1219913263  	0.07836109899  	-0.07836109899  	1.072893783  
1203 	0.7122621087  	-0.7122621087  	0.3209538469  	-0.005988437794  	0.4245441887  	-0.4245441887  	0.04060794422  	-0.04060794422  	-0.05098217389  
1205 	0.8621426647  	-0.8621426647  	2.042083103  	1.288466574  	-0.8037090008  	0.8037090008  	-1.269803227  	1.269803227  	2.358166965  
1207 	-0.563305624  	0.563305624  	1.125858968  	1.455173284  	0.2036280759  	-0.2036280759  	0.4690713182  	-0.4690713182  	0.8721764917  
1208 	0.1214896375  	-0.1214896375  	1.218867584  	0.972519781  	-0.7132797911  	0.7132797911  	-0.6761039824  	0.6761039824  	1.84831563  
1212 	-0.7820296737  	0.7820296737  	-0.6210357198  	-0.2784712867  	0.5527337339  	-0.5527337339  	0.7124316977  	-0.7124316977  	-0.816910701  
1214 	1.032921741  	-1.032921741  	-1.075679842  	-1.355437651  	-0.486612796  	0.486612796  	-0.9742841513  	0.9742841513  	-0.5629924953  
1215 	1.286029194  	-1.286029194  	0.7683781742  	0.1495308596  	0.9264209823  	-0.9264209823  	0.5544468403  	-0.5544468403  	-0.4355194935  
1216 	0.1268488345  	-0.1268488345  	-0.007688454201  	-0.05431733232  	-0.01184517719  	0.01184517719  	-0.07202847482  	0.07202847482  	0.005935027529  
1218 	0.5151495935  	-0.5151495935  	-0.4343012337  	-0.6439055104  	-1.378817253  	1.378817253  	-1.550289874  	1.550289874  	1.079539073  
1219 	0.3989484472  	-0.3989484472  	-0.3177053775  	-0.50583407  	-0.08197172066  	0.08197172066  	-0.27625846  	0.27625846  	-0.1823865381  
1222 	1.057477227  	-1.057477227  	0.5984131885  	0.09222346708  	1.236601228  	-1.236601228  	0.5367050435  	-0.5367050435  	-0.329515785  
1226 	0.02311889515  	-0.02311889515  	1.748499713  	1.61639117  	0.7217357025  	-0.7217357025  	0.6113213638  	-0.6113213638  	1.299070639  
1227 	-0.7551232208  	0.7551232208  	-0.02891053122  	0.386564844  	-0.2626950219  	0.2626950219  	0.1423103127  	-0.1423103127  	0.241059172  
1228 	2.19483039  	-2.19483039  	1.957616226  	0.9704669521  	-0.1460941705  	0.1460941705  	-0.8399556887  	0.8399556887  	1.415268867  
1233 	1.559156445  	-1.559156445  	0.1713715064  	-0.6330855052  	-0.2431503373  	0.2431503373  	-0.7733545004  	0.7733545004  	0.3046293157  
1237 	-0.2477771582  	0.2477771582  	0.1890007585  	0.2799883295  	0.6678615564  	-0.6678615564  	0.7604282982  	-0.7604282982  	-0.4229567409  
1239 	-0.5104863321  	0.5104863321  	0.6256386819  	0.7713126656  	-0.7357833676  	0.7357833676  	-0.5257010399  	0.5257010399  	1.060805088  
1240 	1.427411788  	-1.427411788  	1.219007972  	0.4060335389  	-0.7219325072  	0.7219325072  	-1.290406328  	1.290406328  	1.587295665  
1241 	-1.171786628  	1.171786628  	0.1092109537  	0.6685010781  	-0.3372466581  	0.3372466581  	0.2951151506  	-0.2951151506  	0.5045309889  
1244 	-0.5093274306  	0.5093274306  	0.8093366507  	1.183890599  	-0.4162849851  	0.4162849851  	0.03160362205  	-0.03160362205  	1.044934426  
1245 	0.05167020936  	-0.05167020936  	1.426412263  	1.264732435  	-0.5048626889  	0.5048626889  	-0.477041823  	0.477041823  	1.580753084  
1246 	2.35976606  	-2.35976606  	-0.5342302547  	-1.734058468  	0.1951789202  	-0.1951789202  	-1.236662896  	1.236662896  	-0.6592481248  
1248 	-0.3902144349  	0.3902144349  	-1.372225986  	-1.123265756  	-0.788437041  	0.788437041  	-0.5968028336  	0.5968028336  	-0.7883068284  
1249 	0.5243575019  	-0.5243575019  	-0.7832712351  	-0.9601709588  	-0.3031674487  	0.3031674487  	-0.6039152016  	0.6039152016  	-0.6963486246  
1250 	0.3476875213  	-0.3476875213  	0.7149651996  	0.4241457653  	0.7191936609  	-0.7191936609  	0.4064541713  	-0.4064541713  	0.1810729885  
1253 	0.5357196061  	-0.5357196061  	0.3485254605  	0.03510044153  	-0.9557854261  	0.9557854261  	-1.026207503  	1.026207503  	0.9949475072  
1256 	0.0256110093  	-0.0256110093  	-0.05022128075  	-0.05056624457  	-0.5802919389  	0.5802919389  	-0.5268866706  	0.5268866706  	0.4430935971  
1262 	1.147918092  	-1.147918092  	-0.8311924476  	-1.564128935  	0.146553932  	-0.146553932  	-0.7168009816  	0.7168009816  	-1.099351577  
