Subject BgtA AgtB B A BgtPRE PREgtB AgtPRE PREgtA PRE
1001 	-0.03781915026  	0.03781915026  	0.1775537971  	0.2029927697  	-0.3819255044  	0.3819255044  	-0.3760022471  	0.3760022471  	0.4756141493  
1002 	-0.2734813348  	0.2734813348  	-0.2670072737  	-0.1313042055  	-0.9270565854  	0.9270565854  	-0.8573947084  	0.8573947084  	0.6105556277  
1003 	1.281859799  	-1.281859799  	0.7087668772  	-0.02331640221  	0.3173896515  	-0.3173896515  	-0.4474059007  	0.4474059007  	0.3242307364  
1006 	-0.1300383233  	0.1300383233  	0.946625847  	0.8529742028  	-0.6924807399  	0.6924807399  	-0.5402799986  	0.5402799986  	1.290477436  
1022 	0.88542827  	-0.88542827  	0.12227673  	-0.3898829442  	0.2646188871  	-0.2646188871  	-0.3881064218  	0.3881064218  	-0.08733644686  
1023 	0.4465918214  	-0.4465918214  	0.5106313075  	0.3070837809  	-0.7377973829  	0.7377973829  	-0.8386449809  	0.8386449809  	0.9349546307  
1029 	0.2020321317  	-0.2020321317  	0.7092204602  	0.5570371947  	-0.4253485417  	0.4253485417  	-0.5089225352  	0.5089225352  	1.07203229  
1031 	-0.4147348066  	0.4147348066  	-0.7006834627  	-0.5202911514  	-0.753254048  	0.753254048  	-0.5343937268  	0.5343937268  	0.01667670977  
1034 	0.309944583  	-0.309944583  	0.6683472024  	0.4800629702  	-0.8462218557  	0.8462218557  	-0.9699811209  	0.9699811209  	1.172730116  
1036 	-0.05575307244  	0.05575307244  	0.3725020778  	0.3892439807  	-0.6776913526  	0.6776913526  	-0.6201180096  	0.6201180096  	0.7644593685  
1038 	1.515614808  	-1.515614808  	0.05165564494  	-0.6049647834  	-0.6971745649  	0.6971745649  	-1.316435945  	1.316435945  	0.5951901477  
1039 	0.3613338165  	-0.3613338165  	-0.7876459478  	-0.8531258755  	-1.790626146  	1.790626146  	-1.797605215  	1.797605215  	1.129249079  
1040 	-0.2321777678  	0.2321777678  	-0.562642794  	-0.3945529134  	-1.145121318  	1.145121318  	-1.033565618  	1.033565618  	0.8997861004  
1043 	-0.1155607735  	0.1155607735  	-0.3586391217  	-0.2741039517  	-0.8694238107  	0.8694238107  	-0.8373204115  	0.8373204115  	0.5566281804  
1048 	0.008398732312  	-0.008398732312  	0.5490745191  	0.477305634  	-0.6401998423  	0.6401998423  	-0.5826911439  	0.5826911439  	1.037834142  
1049 	-0.5360310947  	0.5360310947  	-0.4045928144  	-0.07959617154  	-1.067528275  	1.067528275  	-0.7457190224  	0.7457190224  	0.6609928617  
1051 	0.4943276775  	-0.4943276775  	0.3758163118  	0.1680203694  	0.08835898107  	-0.08835898107  	-0.1670490795  	0.1670490795  	0.279496786  
1053 	0.3476495427  	-0.3476495427  	0.5091301713  	0.3216174757  	-0.1743574933  	0.1743574933  	-0.3973332233  	0.3973332233  	0.666586417  
1056 	0.06729136961  	-0.06729136961  	1.371066568  	1.162607295  	1.052488503  	-1.052488503  	0.9480386512  	-0.9480386512  	0.06096262601  
1060 	0.6416294819  	-0.6416294819  	-0.6266107899  	-0.8940654983  	-0.5922550781  	0.5922550781  	-0.9300238978  	0.9300238978  	-0.04732869376  
1062 	-0.3046127273  	0.3046127273  	-1.152847001  	-0.9292362655  	-0.9593004752  	0.9593004752  	-0.7343587883  	0.7343587883  	-0.5093207152  
1077 	0.5526495329  	-0.5526495329  	-0.8957479355  	-1.041594407  	0.3832504288  	-0.3832504288  	0.1067903675  	-0.1067903675  	-1.135178974  
1080 	-0.4746141245  	0.4746141245  	0.2776450393  	0.4397165798  	-1.183876471  	1.183876471  	-0.9810209615  	0.9810209615  	1.176624941  
1089 	-0.007359601989  	0.007359601989  	0.2507487752  	0.2354203529  	-1.211470961  	1.211470961  	-1.170815724  	1.170815724  	1.24839912  
1090 	2.051251818  	-2.051251818  	-0.8245898688  	-1.750165965  	0.4384942839  	-0.4384942839  	-0.33935197  	0.33935197  	-0.856634032  
1097 	0.1527488124  	-0.1527488124  	1.65918541  	1.58521751  	0.538025066  	-0.538025066  	0.4109508358  	-0.4109508358  	1.264598458  
1098 	0.4501858735  	-0.4501858735  	0.67266462  	0.3806303616  	-0.04606204728  	0.04606204728  	-0.2170872105  	0.2170872105  	0.4744412286  
1101 	-0.02718635724  	0.02718635724  	0.5121895176  	0.472517248  	0.8371133848  	-0.8371133848  	0.8332874563  	-0.8332874563  	-0.7353365574  
1102 	0.532675469  	-0.532675469  	1.06856575  	0.8044056557  	0.3496266274  	-0.3496266274  	0.06548008432  	-0.06548008432  	0.8022131003  
1105 	-0.1923124909  	0.1923124909  	0.1737447906  	0.2494892442  	0.5801898802  	-0.5801898802  	0.5902172968  	-0.5902172968  	-0.3363224309  
1106 	1.855033945  	-1.855033945  	1.335476501  	0.4750982745  	0.1099414074  	-0.1099414074  	-0.4490529422  	0.4490529422  	0.6531686697  
1107 	-1.099312599  	1.099312599  	0.1932065512  	0.659185572  	-2.013363087  	2.013363087  	-1.679801493  	1.679801493  	1.985640603  
1115 	0.4118368871  	-0.4118368871  	-0.4302359307  	-0.5596324244  	-1.809986756  	1.809986756  	-1.841101861  	1.841101861  	1.32088869  
1116 	0.3557233217  	-0.3557233217  	1.044053189  	0.8457803934  	-0.08378423265  	0.08378423265  	-0.1952911203  	0.1952911203  	0.7673725389  
1117 	1.833898717  	-1.833898717  	0.4226837659  	-0.4538489471  	-1.237974257  	1.237974257  	-2.228353287  	2.228353287  	1.472318242  
1118 	0.6586591781  	-0.6586591781  	0.08780772212  	-0.1943026089  	-0.2943367139  	0.2943367139  	-0.520912188  	0.520912188  	0.3636237923  
1119 	1.296520098  	-1.296520098  	0.6616836917  	0.01849757949  	-0.4185644537  	0.4185644537  	-1.004281712  	1.004281712  	0.978071616  
1124 	-0.0450427727  	0.0450427727  	0.288302028  	0.3104174475  	0.4633485656  	-0.4633485656  	0.4490781452  	-0.4490781452  	-0.03145802868  
1125 	0.2430734623  	-0.2430734623  	0.9227859384  	0.7836264435  	-0.6951859006  	0.6951859006  	-0.7735334528  	0.7735334528  	1.198326578  
1127 	0.9442932124  	-0.9442932124  	0.2564375539  	-0.2253996007  	-0.439709563  	0.439709563  	-0.7788609395  	0.7788609395  	0.5177751966  
1128 	1.516426717  	-1.516426717  	0.05533508139  	-0.6275654793  	-0.944230196  	0.944230196  	-1.427166638  	1.427166638  	0.8423963918  
1134 	-0.3897090367  	0.3897090367  	0.3173695117  	0.5061614358  	-0.7224707042  	0.7224707042  	-0.5910028566  	0.5910028566  	0.8652377408  
1135 	0.4147673752  	-0.4147673752  	-0.1769516121  	-0.3312596052  	-1.154755569  	1.154755569  	-1.236019631  	1.236019631  	1.188551004  
1136 	0.7849894939  	-0.7849894939  	1.200943564  	0.9714534672  	-0.1150370691  	0.1150370691  	-0.4619049795  	0.4619049795  	1.07052729  
1137 	0.3085685666  	-0.3085685666  	-0.6806195304  	-0.800181699  	-1.007364741  	1.007364741  	-1.182862793  	1.182862793  	0.4630080544  
1138 	0.5338359819  	-0.5338359819  	0.3854075275  	0.06112378987  	1.393237665  	-1.393237665  	1.164506924  	-1.164506924  	-1.170858571  
1139 	-0.5021965692  	0.5021965692  	-0.2259001731  	0.04541776201  	-0.3646124113  	0.3646124113  	-0.03352514308  	0.03352514308  	0.08368630364  
1145 	0.9297880872  	-0.9297880872  	0.7612043241  	0.4013550534  	-1.022412999  	1.022412999  	-1.391102558  	1.391102558  	1.377724543  
1147 	0.3513878549  	-0.3513878549  	0.7397297634  	0.5647024678  	0.0486665598  	-0.0486665598  	-0.14236783  	0.14236783  	0.7699012069  
1148 	-0.6001460922  	0.6001460922  	-0.1928713942  	0.08259234351  	-0.6178141882  	0.6178141882  	-0.4264574327  	0.4264574327  	0.4746856494  
1150 	-0.3210861523  	0.3210861523  	1.052102944  	1.181128939  	-1.414728763  	1.414728763  	-1.245900034  	1.245900034  	1.817825899  
1151 	0.536068382  	-0.536068382  	0.1907517231  	-0.09759588336  	-0.5076305438  	0.5076305438  	-0.8091991008  	0.8091991008  	0.6451353684  
1152 	-0.2363706791  	0.2363706791  	0.2375331598  	0.3119842548  	-0.2400080921  	0.2400080921  	-0.001721976707  	0.001721976707  	0.4396290419  
1153 	1.366693409  	-1.366693409  	2.594922007  	1.751554949  	-0.1602809401  	0.1602809401  	-0.6802899832  	0.6802899832  	1.682939932  
1154 	0.6800528668  	-0.6800528668  	0.9844727187  	0.6001268874  	-0.4354385762  	0.4354385762  	-0.6991317774  	0.6991317774  	1.28790382  
1158 	-0.5321157535  	0.5321157535  	0.4264160337  	0.5872651318  	-0.4768485585  	0.4768485585  	-0.2219328057  	0.2219328057  	0.6756506752  
1162 	0.2047454782  	-0.2047454782  	1.585905232  	1.407516671  	1.662729382  	-1.662729382  	1.488466039  	-1.488466039  	0.09756031952  
1166 	0.226873816  	-0.226873816  	1.107889794  	0.9995590137  	0.2194183308  	-0.2194183308  	0.0750537021  	-0.0750537021  	0.944139561  
1167 	-1.650274111  	1.650274111  	0.4363150933  	1.223791572  	0.8941931831  	-0.8941931831  	1.598542223  	-1.598542223  	-0.3058060923  
1171 	0.3336591723  	-0.3336591723  	0.2731244799  	0.1219156946  	0.1018222185  	-0.1018222185  	-0.03384547932  	0.03384547932  	0.1142214985  
1173 	-0.1004417894  	0.1004417894  	-0.3728673901  	-0.2992617327  	1.093656015  	-1.093656015  	1.056530426  	-1.056530426  	-1.05447106  
1175 	0.03400478361  	-0.03400478361  	1.335847094  	1.320638784  	0.5895470502  	-0.5895470502  	0.5497901323  	-0.5497901323  	0.3783774201  
1180 	1.363131636  	-1.363131636  	1.339595184  	0.4570833803  	0.2941552712  	-0.2941552712  	-0.411692507  	0.411692507  	0.79230933  
1181 	0.3728066453  	-0.3728066453  	-0.138645069  	-0.2647740977  	-0.5258329237  	0.5258329237  	-0.6514677113  	0.6514677113  	0.2913597122  
1182 	-0.1106272426  	0.1106272426  	1.376732799  	1.390522992  	1.200579879  	-1.200579879  	1.20121652  	-1.20121652  	-0.07397044669  
1183 	-0.1946619884  	0.1946619884  	-0.8513876637  	-0.7749345412  	-1.362385873  	1.362385873  	-1.049629653  	1.049629653  	0.1354820351  
1185 	-0.4004786936  	0.4004786936  	0.1531737368  	0.3247946884  	-0.5108047723  	0.5108047723  	-0.206652213  	0.206652213  	0.558338382  
1191 	1.523140677  	-1.523140677  	0.2285270248  	-0.5997478202  	0.2572196811  	-0.2572196811  	-0.2864615772  	0.2864615772  	-0.1113014727  
1195 	-0.03221892752  	0.03221892752  	-0.7553879795  	-0.7665857603  	-0.0531541122  	0.0531541122  	-0.03698973636  	0.03698973636  	-0.861425329  
1196 	-0.116797659  	0.116797659  	1.094418142  	1.184543396  	0.6129883961  	-0.6129883961  	0.7186489778  	-0.7186489778  	0.4401764611  
1197 	-0.3376206874  	0.3376206874  	-0.519151281  	-0.3199601028  	0.326205274  	-0.326205274  	0.4375236378  	-0.4375236378  	-0.6510612285  
1202 	0.8135752189  	-0.8135752189  	1.914197207  	1.316665927  	-0.02984172976  	0.02984172976  	-0.4414342164  	0.4414342164  	1.865109705  
1203 	0.9778971747  	-0.9778971747  	0.9525335286  	0.501789916  	0.6785528369  	-0.6785528369  	0.1593924435  	-0.1593924435  	0.3536774522  
1205 	0.8879112029  	-0.8879112029  	2.16557825  	1.383450719  	0.3966071498  	-0.3966071498  	-0.08026789478  	0.08026789478  	1.368546439  
1207 	-0.6059559812  	0.6059559812  	0.1108795928  	0.4389177192  	-1.236985473  	1.236985473  	-0.8327912158  	0.8327912158  	1.119837248  
1208 	1.213937135  	-1.213937135  	1.124140724  	0.2993218756  	0.179621712  	-0.179621712  	-0.627183611  	0.627183611  	0.9761741998  
1212 	0.6068966139  	-0.6068966139  	0.1757523078  	-0.08434309448  	0.4871730813  	-0.4871730813  	0.3471319894  	-0.3471319894  	-0.3712484167  
1214 	1.277090473  	-1.277090473  	-1.966444681  	-2.196861539  	-1.723137378  	1.723137378  	-2.151694188  	2.151694188  	-0.3868623823  
1215 	-0.5415292982  	0.5415292982  	-0.2504719264  	0.003279601231  	0.1555727628  	-0.1555727628  	0.2886999183  	-0.2886999183  	-0.2604399583  
1216 	0.6902366888  	-0.6902366888  	0.3660194946  	0.1072627275  	-0.3530133893  	0.3530133893  	-0.6578637655  	0.6578637655  	0.5639019673  
1218 	2.619175736  	-2.619175736  	0.4632675361  	-0.5619103915  	-0.09851110949  	0.09851110949  	-1.046076423  	1.046076423  	0.5828538914  
1219 	1.18655432  	-1.18655432  	0.2807210624  	-0.3042978518  	-0.3201932303  	0.3201932303  	-0.8938861297  	0.8938861297  	0.557596437  
1222 	-0.9412049774  	0.9412049774  	7.031159705e-06  	0.4363661224  	-0.1308627388  	0.1308627388  	0.4238562228  	-0.4238562228  	0.09992503312  
1226 	-0.2431396881  	0.2431396881  	-0.3923516043  	-0.2685428152  	-0.402153433  	0.402153433  	-0.2281836125  	0.2281836125  	-0.08340930603  
1227 	-0.130729045  	0.130729045  	-0.007915058077  	0.06715800855  	-0.4464469023  	0.4464469023  	-0.3989832173  	0.3989832173  	0.4391954809  
1228 	0.4817536561  	-0.4817536561  	2.057211751  	1.935245702  	0.7164992933  	-0.7164992933  	0.5090037592  	-0.5090037592  	0.728481784  
1233 	0.6898191011  	-0.6898191011  	0.5663103225  	0.1843595704  	-0.4283869878  	0.4283869878  	-0.649125834  	0.649125834  	0.6862608353  
1237 	0.3683372584  	-0.3683372584  	0.8775287888  	0.6876238905  	-0.12033374  	0.12033374  	-0.2504465631  	0.2504465631  	0.7281178891  
1239 	0.3341927881  	-0.3341927881  	0.7056863392  	0.4889694258  	0.6881446826  	-0.6881446826  	0.5348747808  	-0.5348747808  	-0.1895594388  
1240 	1.382781947  	-1.382781947  	2.111778218  	1.320987537  	-0.02142609555  	0.02142609555  	-0.6226974798  	0.6226974798  	1.699971808  
1241 	-0.0564636938  	0.0564636938  	1.231736517  	1.170016523  	-0.1815809411  	0.1815809411  	-0.1589387078  	0.1589387078  	1.591210049  
1244 	0.7729549548  	-0.7729549548  	1.82485891  	1.316212151  	-0.01466093936  	0.01466093936  	-0.5775124697  	0.5775124697  	1.639310465  
1245 	0.7014121927  	-0.7014121927  	0.2117730792  	-0.08150420359  	0.6330477415  	-0.6330477415  	0.2456474455  	-0.2456474455  	-0.2718024353  
1246 	1.197463499  	-1.197463499  	0.3328203641  	-0.3158062678  	0.1655429437  	-0.1655429437  	-0.5447219458  	0.5447219458  	0.1918072158  
1248 	-0.5867299886  	0.5867299886  	-0.9212682794  	-0.6046734811  	-1.51041933  	1.51041933  	-1.22797089  	1.22797089  	0.5964331348  
1249 	0.0515406868  	-0.0515406868  	-0.2989476581  	-0.2907062132  	-0.4138771915  	0.4138771915  	-0.3738465297  	0.3738465297  	0.0005013442963  
1250 	0.08258947856  	-0.08258947856  	0.3740885845  	0.2726357139  	-0.4298712998  	0.4298712998  	-0.4735346025  	0.4735346025  	0.6862377898  
1253 	-0.3053860817  	0.3053860817  	-0.694617833  	-0.4322879164  	-0.7972838233  	0.7972838233  	-0.5178304535  	0.5178304535  	0.1129158479  
1256 	-0.6505993078  	0.6505993078  	1.265229735  	1.380008581  	0.5157050763  	-0.5157050763  	0.8164327722  	-0.8164327722  	0.7010780397  
1262 	1.040351483  	-1.040351483  	0.5007367386  	-0.04210968838  	0.4380745114  	-0.4380745114  	-0.3081739743  	0.3081739743  	0.1975543965  
