Subject BgtA AgtB B A BgtPRE PREgtB AgtPRE PREgtA PRE
1001 	0.4286758192  	-0.4286758192  	-0.1703273006  	-0.334807953  	2.431782165  	-2.431782165  	2.348358227  	-2.348358227  	-2.30971727  
1002 	-0.1202651424  	0.1202651424  	0.1690810056  	0.2346775208  	-0.005162705104  	0.005162705104  	0.03675815305  	-0.03675815305  	0.1046986028  
1003 	0.1711921396  	-0.1711921396  	-0.8445539533  	-0.8965323304  	0.4080402889  	-0.4080402889  	0.3140703919  	-0.3140703919  	-1.027107042  
1006 	-0.2417950658  	0.2417950658  	-0.07093384164  	0.04220484414  	-0.6961941895  	0.6961941895  	-0.4852995163  	0.4852995163  	0.4387288472  
1022 	-0.5893573458  	0.5893573458  	0.429284778  	0.701446656  	-1.269503634  	1.269503634  	-0.684445774  	0.684445774  	1.434008326  
1023 	2.407359644  	-2.407359644  	-0.4998126709  	-1.585151065  	-1.031754002  	1.031754002  	-1.75660582  	1.75660582  	0.5387688772  
1029 	-1.178030716  	1.178030716  	0.6910042897  	1.256330888  	1.330280849  	-1.330280849  	1.862017038  	-1.862017038  	-0.5762037751  
1031 	1.195153756  	-1.195153756  	0.6580438868  	0.1143603991  	-0.4356361689  	0.4356361689  	-0.9407220662  	0.9407220662  	0.9015205321  
1034 	-0.3334244397  	0.3334244397  	-1.302503696  	-1.026130832  	-0.5602233622  	0.5602233622  	-0.4366753665  	0.4366753665  	-0.4547109613  
1036 	-1.744918325  	1.744918325  	-0.7191031344  	0.06583359315  	-1.602134238  	1.602134238  	-0.9445872522  	0.9445872522  	0.8188069206  
1038 	0.638272768  	-0.638272768  	0.2691885125  	-0.01230833612  	-0.1170466717  	0.1170466717  	-0.3912588005  	0.3912588005  	0.336047262  
1039 	0.2721024984  	-0.2721024984  	0.2414759817  	0.1007385832  	0.5938344272  	-0.5938344272  	0.4785307983  	-0.4785307983  	-0.407802827  
1040 	0.4784192781  	-0.4784192781  	0.1476073091  	-0.06487819957  	0.2329651078  	-0.2329651078  	0.08473041049  	-0.08473041049  	-0.1588317107  
1043 	0.4552232359  	-0.4552232359  	-0.1678929921  	-0.384566612  	0.07964712199  	-0.07964712199  	-0.157695401  	0.157695401  	-0.2337397063  
1048 	1.161189979  	-1.161189979  	-0.2702863185  	-0.8626088117  	-0.8706775769  	0.8706775769  	-1.594802748  	1.594802748  	0.4024061434  
1049 	0.5607590298  	-0.5607590298  	-0.5539303737  	-0.7635606264  	-1.093370178  	1.093370178  	-1.200393253  	1.200393253  	0.6077576021  
1051 	-0.5732167688  	0.5732167688  	-0.10010375  	0.1922245649  	-0.2907797018  	0.2907797018  	-0.002023772492  	0.002023772492  	0.1604123905  
1053 	-0.6426141386  	0.6426141386  	0.39200991  	0.7435477899  	-1.440173752  	1.440173752  	-0.9612533738  	0.9612533738  	1.551339913  
1056 	0.7904324344  	-0.7904324344  	-0.9416158984  	-1.110877791  	-0.07050940554  	0.07050940554  	-0.3291649804  	0.3291649804  	-0.7609885359  
1060 	0.6831586656  	-0.6831586656  	-1.754827017  	-1.955181607  	-1.066242162  	1.066242162  	-1.42243249  	1.42243249  	-0.6653937033  
1062 	-1.121405656  	1.121405656  	-0.430270176  	0.1103555887  	-0.768906321  	0.768906321  	0.02656601538  	-0.02656601538  	0.1257807577  
1077 	1.180521149  	-1.180521149  	0.2316893312  	-0.244971908  	0.2918176155  	-0.2918176155  	-0.2603398773  	0.2603398773  	-0.02553510585  
1080 	-0.8472756437  	0.8472756437  	-0.7239697395  	-0.3130598611  	-1.181565633  	1.181565633  	-0.8040165142  	0.8040165142  	0.3354059721  
1089 	0.4278235171  	-0.4278235171  	-0.4944336511  	-0.6659351679  	-0.2763228434  	0.2763228434  	-0.3929926571  	0.3929926571  	-0.05276927226  
1090 	0.06652650244  	-0.06652650244  	-0.3568715599  	-0.3564108859  	-0.07912721076  	0.07912721076  	-0.1023156559  	0.1023156559  	-0.1481820031  
1097 	0.6464293541  	-0.6464293541  	0.7039402942  	0.4045345387  	-1.039017814  	1.039017814  	-1.268325902  	1.268325902  	1.596903179  
1098 	-0.1094077547  	0.1094077547  	0.4752245322  	0.4806851572  	-1.636909312  	1.636909312  	-1.520226657  	1.520226657  	1.757883869  
1101 	-0.1085808957  	0.1085808957  	0.2966643129  	0.3015090738  	0.197732282  	-0.197732282  	0.2032179065  	-0.2032179065  	-0.1409567343  
1102 	-1.763321203  	1.763321203  	-0.8329563349  	0.05604618386  	-1.652686368  	1.652686368  	-0.6482336859  	0.6482336859  	0.6916384503  
1105 	-0.5788378951  	0.5788378951  	-0.9484411705  	-0.7388309308  	1.211422376  	-1.211422376  	1.288411462  	-1.288411462  	-1.483917816  
1106 	0.9897737346  	-0.9897737346  	1.162414877  	0.6877071576  	1.202387085  	-1.202387085  	0.844378206  	-0.844378206  	-0.3615611114  
1107 	-0.962460483  	0.962460483  	-1.015945763  	-0.5459029133  	-2.169473593  	2.169473593  	-1.876494232  	1.876494232  	1.356679595  
1115 	-0.7400986351  	0.7400986351  	-1.552629224  	-1.003116478  	-2.495616198  	2.495616198  	-2.115836535  	2.115836535  	1.26579071  
1116 	0.03900397089  	-0.03900397089  	-0.09196984285  	-0.1095398637  	-0.03226742024  	0.03226742024  	-0.04282699485  	0.04282699485  	-0.03388092803  
1117 	0.7733724914  	-0.7733724914  	0.339041901  	-0.04878006757  	-0.08933902703  	0.08933902703  	-0.5160672294  	0.5160672294  	0.4208245145  
1118 	-1.108819378  	1.108819378  	-1.055675665  	-0.6021846591  	-0.9814320916  	0.9814320916  	-0.6398345423  	0.6398345423  	0.1743462571  
1119 	-1.32137965  	1.32137965  	-1.199824521  	-0.5149398728  	-1.724520614  	1.724520614  	-1.05112655  	1.05112655  	0.5475535873  
1124 	-1.655127528  	1.655127528  	0.1693815987  	0.9848158413  	1.216847453  	-1.216847453  	2.234439169  	-2.234439169  	-0.6938117779  
1125 	-1.210541796  	1.210541796  	1.248694106  	1.733671825  	-0.9788523689  	0.9788523689  	-0.6099074619  	0.6099074619  	1.639982918  
1127 	0.1128289572  	-0.1128289572  	1.087550151  	0.8864378003  	0.1076305776  	-0.1076305776  	0.05981790766  	-0.05981790766  	0.5690083178  
1128 	0.1317156199  	-0.1317156199  	1.054432359  	0.9162434996  	0.1809941387  	-0.1809941387  	0.1412335898  	-0.1412335898  	0.4403064016  
1134 	-1.852404402  	1.852404402  	-1.148001851  	-0.2546660149  	-1.447479049  	1.447479049  	-0.8505147528  	0.8505147528  	0.5889983986  
1135 	-0.2328981177  	0.2328981177  	0.3778662829  	0.4652763532  	-0.09334166164  	0.09334166164  	-0.04025606993  	0.04025606993  	0.3321892428  
1136 	-0.1390380785  	0.1390380785  	0.1727279614  	0.2586682366  	-0.3830340239  	0.3830340239  	-0.3057063133  	0.3057063133  	0.4371004024  
1137 	1.446201913  	-1.446201913  	-0.2693525264  	-0.835935484  	-0.4472530263  	0.4472530263  	-0.9593137858  	0.9593137858  	0.224556028  
1138 	1.156960271  	-1.156960271  	0.5202013011  	-0.1274151042  	-0.5063366719  	0.5063366719  	-0.9389556539  	0.9389556539  	0.868265774  
1139 	0.4829271882  	-0.4829271882  	0.1317790316  	-0.1283903695  	-0.2761643486  	0.2761643486  	-0.5799143468  	0.5799143468  	0.4066551006  
1145 	-0.7767410595  	0.7767410595  	-0.1876797131  	0.1092185512  	0.3775364475  	-0.3775364475  	0.6727813153  	-0.6727813153  	-0.4656134972  
1147 	-1.067657685  	1.067657685  	-0.1118710397  	0.4154737656  	-0.1541580333  	0.1541580333  	0.4311875635  	-0.4311875635  	0.03388732997  
1148 	0.1525217241  	-0.1525217241  	0.04507010884  	-0.02732851767  	-0.3596057285  	0.3596057285  	-0.4171821604  	0.4171821604  	0.3778239423  
1150 	-1.204612505  	1.204612505  	-0.7611329567  	-0.1396859543  	-0.07856171497  	0.07856171497  	0.3433922887  	-0.3433922887  	-0.3918595686  
1151 	0.221372437  	-0.221372437  	-0.03291476982  	-0.1499421881  	-0.9083674814  	0.9083674814  	-1.021652702  	1.021652702  	0.7759024938  
1152 	-1.233511498  	1.233511498  	0.5550758484  	1.09772594  	0.646745025  	-0.646745025  	1.386895576  	-1.386895576  	0.2287497241  
1153 	-1.194883929  	1.194883929  	0.1797396545  	0.7957998604  	-2.099589226  	2.099589226  	-1.42507899  	1.42507899  	1.704401792  
1154 	1.040582593  	-1.040582593  	-0.5170752906  	-0.9328468078  	-1.432962673  	1.432962673  	-1.800975844  	1.800975844  	0.9673453822  
1158 	-0.4378453638  	0.4378453638  	-0.7455880256  	-0.4820796206  	-0.5925674382  	0.5925674382  	-0.3898967714  	0.3898967714  	-0.08576201751  
1162 	0.1935847874  	-0.1935847874  	-0.03315895617  	-0.1271733303  	0.07812404427  	-0.07812404427  	-0.03296272142  	0.03296272142  	-0.07869931116  
1166 	0.7819490921  	-0.7819490921  	0.6754732641  	0.2913818099  	-0.5072025128  	0.5072025128  	-1.091819758  	1.091819758  	1.031591709  
1167 	-1.507079984  	1.507079984  	-1.205798799  	-0.3414528812  	-0.7894494174  	0.7894494174  	0.2032880493  	-0.2032880493  	-0.5781290725  
1171 	0.242103746  	-0.242103746  	0.2161458892  	0.10371388  	0.6488978204  	-0.6488978204  	0.5343948731  	-0.5343948731  	-0.3513852236  
1173 	0.9697734443  	-0.9697734443  	0.5315209207  	0.02629544434  	-2.111022702  	2.111022702  	-2.328331618  	2.328331618  	1.934804355  
1175 	0.913851595  	-0.913851595  	0.02044601909  	-0.4205328918  	-0.5685197602  	0.5685197602  	-0.8592898193  	0.8592898193  	0.5492336609  
1180 	0.1178396099  	-0.1178396099  	1.517083824  	1.287033529  	1.06034451  	-1.06034451  	0.8137260954  	-0.8137260954  	0.3624256212  
1181 	-1.306229856  	1.306229856  	-1.544185831  	-1.056257215  	-2.898862003  	2.898862003  	-2.224176779  	2.224176779  	0.6479306882  
1182 	0.2004326515  	-0.2004326515  	0.04095100671  	-0.05113218423  	0.1853848753  	-0.1853848753  	0.09745524232  	-0.09745524232  	-0.1412885717  
1183 	-0.02930392315  	0.02930392315  	0.08405821501  	0.1013458762  	0.1704493156  	-0.1704493156  	0.1617672396  	-0.1617672396  	-0.03630974333  
1185 	-0.149630675  	0.149630675  	-0.2706321953  	-0.2020108761  	-0.5018259818  	0.5018259818  	-0.3540174148  	0.3540174148  	0.04987153944  
1191 	-1.971823545  	1.971823545  	0.7913734517  	1.608829686  	-0.686522133  	0.686522133  	-0.01802015685  	0.01802015685  	0.9157417924  
1195 	-0.6349731151  	0.6349731151  	-0.4600753284  	-0.1462227149  	-1.008984821  	1.008984821  	-0.6146080714  	0.6146080714  	0.3693862758  
1196 	-0.6648983097  	0.6648983097  	1.006136751  	1.333736856  	0.7914032749  	-0.7914032749  	1.145361233  	-1.145361233  	0.1160140729  
1197 	-1.099827896  	1.099827896  	-1.802696383  	-1.196271555  	-1.878771931  	1.878771931  	-1.227928841  	1.227928841  	0.1623141956  
1202 	-0.8791505012  	0.8791505012  	0.6898318465  	0.9924118201  	-0.2681457727  	0.2681457727  	0.2133155204  	-0.2133155204  	0.9521557451  
1203 	-0.2525340464  	0.2525340464  	0.6333784546  	0.7386873279  	-1.075899525  	1.075899525  	-0.956724557  	0.956724557  	1.481028441  
1205 	0.6555960013  	-0.6555960013  	-0.3379603392  	-0.6518638207  	1.052831839  	-1.052831839  	0.7197925753  	-0.7197925753  	-1.27719073  
1207 	0.9536512945  	-0.9536512945  	0.03900341012  	-0.447401173  	-0.4174665711  	0.4174665711  	-0.8760670803  	0.8760670803  	0.3733511256  
1208 	-0.8413643296  	0.8413643296  	-1.061643176  	-0.4584941427  	-0.1131773174  	0.1131773174  	0.4584811787  	-0.4584811787  	-1.012698682  
1212 	0.9390136507  	-0.9390136507  	-0.5786041201  	-0.9593738291  	-0.180162312  	0.180162312  	-0.3710699943  	0.3710699943  	-0.09554756957  
1214 	0.8791417753  	-0.8791417753  	-0.4907548936  	-0.8419562669  	-0.7660638224  	0.7660638224  	-1.165062186  	1.165062186  	0.2126369583  
1215 	-1.302099222  	1.302099222  	-2.029703361  	-1.353334419  	-2.84259871  	2.84259871  	-2.423961646  	2.423961646  	1.506329136  
1216 	0.873852171  	-0.873852171  	-1.48909116  	-1.797159272  	-1.284428287  	1.284428287  	-1.610575233  	1.610575233  	-0.4908606923  
1218 	0.4317298602  	-0.4317298602  	-0.2092353829  	-0.3808976837  	-0.08375762738  	0.08375762738  	-0.2378091959  	0.2378091959  	-0.1212864011  
1219 	-0.6326865315  	0.6326865315  	-0.1989519288  	0.09849148327  	-0.7396820463  	0.7396820463  	-0.4971279163  	0.4971279163  	0.5278491263  
1222 	-1.740620024  	1.740620024  	-1.104876889  	-0.3112927944  	-0.2413429251  	0.2413429251  	0.8097629533  	-0.8097629533  	-0.9282624484  
1226 	-2.173091883  	2.173091883  	-0.8394582592  	0.1490731512  	-0.9048036619  	0.9048036619  	0.334903772  	-0.334903772  	-0.150048091  
1227 	-1.063926104  	1.063926104  	-1.339851988  	-0.8613747335  	-1.028567402  	1.028567402  	-0.5067890777  	0.5067890777  	-0.4118143225  
1228 	-1.670643624  	1.670643624  	0.6412178302  	1.510524303  	0.5683661591  	-0.5683661591  	1.07095351  	-1.07095351  	-0.1094107685  
1233 	-0.04433829631  	0.04433829631  	-1.331791805  	-1.253858233  	-1.407287356  	1.407287356  	-1.34364429  	1.34364429  	0.4165064988  
1237 	-0.4657462234  	0.4657462234  	-0.6463764335  	-0.4283796733  	0.135160846  	-0.135160846  	0.3019772717  	-0.3019772717  	-0.5752928283  
1239 	-0.1313901517  	0.1313901517  	-0.09264368147  	-0.03012518034  	-1.528924403  	1.528924403  	-1.386792679  	1.386792679  	1.33378529  
1240 	1.05016416  	-1.05016416  	0.161155912  	-0.3799714441  	0.7609461561  	-0.7609461561  	0.2496018267  	-0.2496018267  	-0.5602132739  
1241 	0.7150658865  	-0.7150658865  	1.175877906  	0.7873350753  	1.163540069  	-1.163540069  	0.8542800761  	-0.8542800761  	0.08779469246  
1244 	0.9436520983  	-0.9436520983  	-0.07880906284  	-0.7648038546  	0.0760036485  	-0.0760036485  	-0.6863208483  	0.6863208483  	-0.1341485483  
1245 	-0.08843863966  	0.08843863966  	0.6659316168  	0.6320178621  	0.3726035001  	-0.3726035001  	0.3750199973  	-0.3750199973  	0.3232543391  
1246 	-0.9582256907  	0.9582256907  	-0.5899713719  	-0.04494979798  	-0.3660242289  	0.3660242289  	0.2284477692  	-0.2284477692  	-0.2721687694  
1248 	-0.45780059  	0.45780059  	1.398351227  	1.526369842  	1.33745098  	-1.33745098  	1.644792995  	-1.644792995  	0.2117812429  
1249 	-0.3301863062  	0.3301863062  	0.9909490424  	1.050393059  	0.8709743381  	-0.8709743381  	0.9473719063  	-0.9473719063  	0.4167518387  
1250 	0.343100382  	-0.343100382  	0.6170011704  	0.3360197536  	1.408044896  	-1.408044896  	1.00625707  	-1.00625707  	-0.4491269937  
1253 	-0.8520338286  	0.8520338286  	-0.3130379088  	0.1477273736  	0.2650334846  	-0.2650334846  	0.6094602851  	-0.6094602851  	-0.4484093428  
1256 	-0.3699980856  	0.3699980856  	1.282388917  	1.263845082  	1.140516935  	-1.140516935  	1.217971784  	-1.217971784  	0.1540752121  
1262 	0.1690577479  	-0.1690577479  	0.6487140806  	0.6311000093  	-0.8262912745  	0.8262912745  	-0.9472167832  	0.9472167832  	1.391626915  
