Subject BgtA AgtB B A BgtPRE PREgtB AgtPRE PREgtA PRE
1001 	-0.3714098608  	0.3714098608  	0.03498669034  	0.1732136031  	2.958409044  	-2.958409044  	3.066571324  	-3.066571324  	-2.688969345  
1002 	-0.6563159772  	0.6563159772  	-0.8269665092  	-0.5434174611  	-0.1234647837  	0.1234647837  	0.1044037525  	-0.1044037525  	-0.3836081263  
1003 	-0.07173725026  	0.07173725026  	-0.4789920416  	-0.421201083  	0.2873924955  	-0.2873924955  	0.3397695259  	-0.3397695259  	-0.6200290939  
1006 	0.4495353356  	-0.4495353356  	-0.000920366338  	-0.1871956569  	-0.1805017245  	0.1805017245  	-0.3858835767  	0.3858835767  	0.123848468  
1022 	0.07499139164  	-0.07499139164  	-0.1949010274  	-0.2041448878  	-0.729721  	0.729721  	-0.685499291  	0.685499291  	0.3711133189  
1023 	2.491523803  	-2.491523803  	-1.084361182  	-2.227313151  	-1.000913235  	1.000913235  	-1.772849506  	1.772849506  	0.1618246177  
1029 	0.4484818071  	-0.4484818071  	1.104459868  	0.7994098041  	0.9608560887  	-0.9608560887  	0.6553380867  	-0.6553380867  	0.1531343646  
1031 	0.9673701371  	-0.9673701371  	0.9278387852  	0.4846821187  	-0.1875966353  	0.1875966353  	-0.6031518723  	0.6031518723  	0.9254786566  
1034 	-1.481282142  	1.481282142  	-0.4341452353  	0.2247939422  	-0.2513385794  	0.2513385794  	0.3161245187  	-0.3161245187  	-0.0937644701  
1036 	-1.676658241  	1.676658241  	-0.5415853029  	0.2225900425  	-1.075803418  	1.075803418  	-0.4549089705  	0.4549089705  	0.510868411  
1038 	0.1555422135  	-0.1555422135  	0.1195190401  	0.04740598814  	-0.06850661522  	0.06850661522  	-0.1304203813  	0.1304203813  	0.163993746  
1039 	-0.02482883845  	0.02482883845  	0.2230879399  	0.217289568  	0.4340163429  	-0.4340163429  	0.4181233762  	-0.4181233762  	-0.2658632566  
1040 	2.056530466  	-2.056530466  	-0.383340327  	-1.183663694  	0.1966885377  	-0.1966885377  	-0.427734485  	0.427734485  	-0.5274414649  
1043 	0.2104556992  	-0.2104556992  	-0.6904088307  	-0.7548461929  	0.1020675124  	-0.1020675124  	-0.007054773236  	0.007054773236  	-0.7422420862  
1048 	1.145238395  	-1.145238395  	0.2052414116  	-0.4309576276  	-0.1362623616  	0.1362623616  	-0.9466056767  	0.9466056767  	0.3066748105  
1049 	-0.07598498792  	0.07598498792  	-0.2998370496  	-0.2247074231  	-0.3084861298  	0.3084861298  	-0.243410265  	0.243410265  	0.07336659124  
1051 	-1.023822992  	1.023822992  	0.01207843813  	0.5388042176  	0.3115369109  	-0.3115369109  	0.8404398545  	-0.8404398545  	-0.244765754  
1053 	-0.3916530127  	0.3916530127  	0.9102665894  	1.129601359  	-1.262609451  	1.262609451  	-0.9502253432  	0.9502253432  	1.908243471  
1056 	0.4577088528  	-0.4577088528  	-0.2030441347  	-0.3488517386  	0.7189641648  	-0.7189641648  	0.5103885483  	-0.5103885483  	-0.970339251  
1060 	0.6579698992  	-0.6579698992  	-0.8538933783  	-1.11428966  	-1.25806229  	1.25806229  	-1.594246261  	1.594246261  	0.3429037982  
1062 	-0.06952606396  	0.06952606396  	-0.4725785347  	-0.4092263633  	0.04106940455  	-0.04106940455  	0.08124807953  	-0.08124807953  	-0.5885629883  
1077 	0.940900406  	-0.940900406  	0.2744665034  	-0.108480212  	0.3210083176  	-0.3210083176  	-0.1296420995  	0.1296420995  	-0.0007634096076  
1080 	-0.5843589069  	0.5843589069  	-0.7713053992  	-0.4649510843  	-0.9214431373  	0.9214431373  	-0.66218545  	0.66218545  	0.0856915428  
1089 	-0.3850683988  	0.3850683988  	0.0941548285  	0.2557015401  	-0.0258377915  	0.0258377915  	0.08961675834  	-0.08961675834  	0.07791193904  
1090 	0.311548069  	-0.311548069  	-0.4580347084  	-0.5659288106  	-0.1379532682  	0.1379532682  	-0.2482126292  	0.2482126292  	-0.1488938186  
1097 	0.8602561875  	-0.8602561875  	0.09950667946  	-0.2938597658  	-0.6675648216  	0.6675648216  	-1.032559765  	1.032559765  	0.6625273645  
1098 	-1.92032073  	1.92032073  	-0.2573279138  	0.7531566711  	-1.94868316  	1.94868316  	-1.124552573  	1.124552573  	1.595888112  
1101 	0.6288198275  	-0.6288198275  	-0.3663265477  	-0.5438003132  	-0.6905509332  	0.6905509332  	-0.7272498801  	0.7272498801  	0.6140546994  
1102 	-0.2340297252  	0.2340297252  	-0.6925828294  	-0.5996590841  	-2.085673953  	2.085673953  	-1.972368071  	1.972368071  	1.240225594  
1105 	-0.5077540188  	0.5077540188  	-0.9125138861  	-0.738038061  	0.9957496857  	-0.9957496857  	1.062770508  	-1.062770508  	-1.293885752  
1106 	1.458151769  	-1.458151769  	0.8958807361  	0.1947074425  	0.7159070955  	-0.7159070955  	0.2216185532  	-0.2216185532  	-0.08696944799  
1107 	-0.9672913831  	0.9672913831  	-0.7544108339  	-0.2972406034  	-1.295853604  	1.295853604  	-0.9755450209  	0.9755450209  	0.6672166731  
1115 	-0.1920652357  	0.1920652357  	-1.10749064  	-0.858022077  	-1.22942918  	1.22942918  	-1.084087992  	1.084087992  	0.4101976201  
1116 	-0.743303523  	0.743303523  	-0.2168379135  	0.1193103639  	-0.2511243167  	0.2511243167  	-0.0009050328656  	0.0009050328656  	0.09001845739  
1117 	-0.1725773745  	0.1725773745  	0.7148599227  	0.7441846317  	-0.4335414727  	0.4335414727  	-0.3165151337  	0.3165151337  	1.116535774  
1118 	-0.5273673783  	0.5273673783  	-1.187100281  	-1.013350441  	-0.1996165215  	0.1996165215  	-0.03304188487  	0.03304188487  	-0.6925244605  
1119 	-0.935853667  	0.935853667  	-0.7590887501  	-0.2794716362  	-1.273903482  	1.273903482  	-0.7864172163  	0.7864172163  	0.491090333  
1124 	-0.8825587557  	0.8825587557  	-0.02688174116  	0.4100562152  	0.6529400687  	-0.6529400687  	1.188488855  	-1.188488855  	-0.5394464783  
1125 	-0.7809331327  	0.7809331327  	0.98075717  	1.295495527  	-1.789194169  	1.789194169  	-1.542504342  	1.542504342  	2.222139026  
1127 	0.6008427474  	-0.6008427474  	1.986533747  	1.463087457  	-0.6338387075  	0.6338387075  	-0.8367437851  	0.8367437851  	1.704345899  
1128 	0.2771982633  	-0.2771982633  	0.2471495916  	0.1053453044  	-1.183691503  	1.183691503  	-1.275403889  	1.275403889  	1.144185374  
1134 	-1.359760676  	1.359760676  	-0.6339734907  	0.00498734  	0.02275113021  	-0.02275113021  	0.475583761  	-0.475583761  	-0.4166792841  
1135 	0.4078832554  	-0.4078832554  	0.6156612187  	0.4360768804  	-0.3364951584  	0.3364951584  	-0.4221668715  	0.4221668715  	0.7465363287  
1136 	-0.6743909922  	0.6743909922  	0.3301694021  	0.674216159  	0.8023129604  	-0.8023129604  	1.127108188  	-1.127108188  	-0.3429076824  
1137 	0.8538258093  	-0.8538258093  	0.05493528514  	-0.3080673905  	0.6256887607  	-0.6256887607  	0.3794657745  	-0.3794657745  	-0.5689872431  
1138 	0.6341203702  	-0.6341203702  	-0.5178678586  	-0.7463784814  	-0.2539035151  	0.2539035151  	-0.4825060065  	0.4825060065  	-0.1019376147  
1139 	0.6192394161  	-0.6192394161  	-0.1172939849  	-0.4438037819  	-0.1569010287  	0.1569010287  	-0.552696844  	0.552696844  	0.01065364161  
1145 	-0.1659602451  	0.1659602451  	0.9209018684  	0.9866665202  	0.101003584  	-0.101003584  	0.1651264793  	-0.1651264793  	0.5975443959  
1147 	-0.3889018565  	0.3889018565  	0.705237274  	0.9047820718  	0.6501518947  	-0.6501518947  	0.8809242732  	-0.8809242732  	0.1115840469  
1148 	-0.4983002497  	0.4983002497  	-0.05389690411  	0.1669064855  	-0.2392349719  	0.2392349719  	-0.07706269248  	0.07706269248  	0.186016409  
1150 	-1.270239894  	1.270239894  	-0.6538305501  	-0.001276573227  	0.01264463757  	-0.01264463757  	0.454677014  	-0.454677014  	-0.392223469  
1151 	-0.01969632435  	0.01969632435  	-0.1187360007  	-0.1116190948  	-0.4303494208  	0.4303494208  	-0.4131037623  	0.4131037623  	0.2642698431  
1152 	-0.7882999723  	0.7882999723  	0.2324672984  	0.5881789298  	1.291806878  	-1.291806878  	1.51689552  	-1.51689552  	-0.5695691222  
1153 	-0.4806273676  	0.4806273676  	0.105150678  	0.3431191924  	-1.055430323  	1.055430323  	-0.7527655956  	0.7527655956  	0.8594751617  
1154 	0.3306701903  	-0.3306701903  	-0.5793303597  	-0.6756946349  	-1.396467184  	1.396467184  	-1.472422692  	1.472422692  	0.8897585649  
1158 	-0.7833012281  	0.7833012281  	0.8120337684  	1.054467141  	-0.1674677391  	0.1674677391  	0.1879457606  	-0.1879457606  	0.7360406117  
1162 	0.4146780735  	-0.4146780735  	-0.08143458465  	-0.2802394377  	0.4066952354  	-0.4066952354  	0.1603973735  	-0.1603973735  	-0.3525795891  
1166 	0.02870865117  	-0.02870865117  	0.5749238991  	0.5600405401  	-0.7090902509  	0.7090902509  	-0.747408391  	0.747408391  	1.084684502  
1167 	-0.8537218415  	0.8537218415  	-1.227898846  	-0.6923883064  	-0.9030433507  	0.9030433507  	-0.2511609245  	0.2511609245  	-0.5114676314  
1171 	1.338970844  	-1.338970844  	-0.1066742519  	-0.7346587448  	0.6228010173  	-0.6228010173  	0.07075955048  	-0.07075955048  	-0.574413194  
1173 	0.6612535672  	-0.6612535672  	0.8297350239  	0.4705742547  	-0.4684922142  	0.4684922142  	-0.6951076168  	0.6951076168  	0.8832967421  
1175 	1.951123381  	-1.951123381  	-0.3345132087  	-1.298595011  	-0.9760637953  	0.9760637953  	-1.614799269  	1.614799269  	0.6852097598  
1180 	-0.7205119466  	0.7205119466  	0.9284943403  	1.19476459  	0.883151892  	-0.883151892  	1.07051187  	-1.07051187  	0.05307277744  
1181 	-1.720995905  	1.720995905  	-1.477417592  	-0.8173169042  	-1.333106936  	1.333106936  	-0.5070201609  	0.5070201609  	-0.4458165484  
1182 	-0.2582152331  	0.2582152331  	0.3152190403  	0.4317281326  	-0.2309405154  	0.2309405154  	-0.1166924448  	0.1166924448  	0.4462453557  
1183 	0.08409343178  	-0.08409343178  	0.182700217  	0.1475757607  	1.13645477  	-1.13645477  	0.9228660207  	-0.9228660207  	-0.5800930203  
1185 	0.08401307715  	-0.08401307715  	0.5732380594  	0.5207113123  	0.211963156  	-0.211963156  	0.1392926338  	-0.1392926338  	0.5264662506  
1191 	-2.328148121  	2.328148121  	1.644304824  	2.460171442  	-0.8236810348  	0.8236810348  	-0.009982188362  	0.009982188362  	1.421366991  
1195 	-0.1386668531  	0.1386668531  	0.8931789319  	0.9939154229  	-0.01508806311  	0.01508806311  	0.07687547956  	-0.07687547956  	1.097183379  
1196 	-0.1198467666  	0.1198467666  	0.608617655  	0.6786152177  	0.9172360092  	-0.9172360092  	1.046973847  	-1.046973847  	-0.4311092189  
1197 	-1.570352755  	1.570352755  	-1.794940254  	-0.9560899137  	-1.771061833  	1.771061833  	-0.9228538187  	0.9228538187  	0.08126326523  
1202 	-1.356872388  	1.356872388  	0.4053303396  	0.9487027169  	-0.4120394499  	0.4120394499  	0.3382169541  	-0.3382169541  	0.7826629605  
1203 	-0.1692557166  	0.1692557166  	0.6354271552  	0.7057517293  	-0.4070495924  	0.4070495924  	-0.3207776079  	0.3207776079  	0.9350572156  
1205 	0.6340353059  	-0.6340353059  	-0.272450597  	-0.5806803565  	1.075762021  	-1.075762021  	0.7546138668  	-0.7546138668  	-1.267333411  
1207 	0.6845072465  	-0.6845072465  	-0.3214887685  	-0.6956463165  	-0.840203521  	0.840203521  	-1.117167481  	1.117167481  	0.3804125796  
1208 	0.1689135696  	-0.1689135696  	0.03274715848  	-0.05711102479  	1.042149362  	-1.042149362  	0.7740926034  	-0.7740926034  	-0.8332702955  
1212 	-0.2157389731  	0.2157389731  	-0.4905227897  	-0.3858088248  	-0.2790899906  	0.2790899906  	-0.2263272651  	0.2263272651  	0.03507296635  
1214 	1.151306598  	-1.151306598  	-1.216081957  	-1.511274141  	-1.852464553  	1.852464553  	-2.243185331  	2.243185331  	0.4241958307  
1215 	-0.5383201543  	0.5383201543  	-0.7695536737  	-0.490501829  	-2.28106554  	2.28106554  	-2.065067694  	2.065067694  	1.627696859  
1216 	1.106185102  	-1.106185102  	-0.9501588946  	-1.343346334  	-1.226198025  	1.226198025  	-1.659451789  	1.659451789  	-0.05995297023  
1218 	0.2268441243  	-0.2268441243  	0.3439338179  	0.2617909268  	0.5326180161  	-0.5326180161  	0.4452282277  	-0.4452282277  	-0.22261809  
1219 	-0.3382737647  	0.3382737647  	-0.2915786805  	-0.1296380029  	-0.6119164461  	0.6119164461  	-0.4945193082  	0.4945193082  	0.3226945126  
1222 	-1.581452124  	1.581452124  	-1.374912992  	-0.6919515958  	0.01415256703  	-0.01415256703  	0.9528136253  	-0.9528136253  	-1.390368668  
1226 	-2.141037203  	2.141037203  	-0.3799734269  	0.5757178745  	-0.749432598  	0.749432598  	0.451732302  	-0.451732302  	0.2274389802  
1227 	-0.6685070039  	0.6685070039  	-1.094867161  	-0.8044289068  	-1.032953204  	1.032953204  	-0.73003851  	0.73003851  	-0.1228727103  
1228 	-0.8862576987  	0.8862576987  	0.949944352  	1.420508761  	0.5652343499  	-0.5652343499  	0.8080937199  	-0.8080937199  	0.09593410178  
1233 	0.118880274  	-0.118880274  	-1.313986134  	-1.314500972  	-0.9322016143  	0.9322016143  	-0.9380530795  	0.9380530795  	0.02535980092  
1237 	-0.4821940951  	0.4821940951  	0.1052317647  	0.2908997792  	0.4294254557  	-0.4294254557  	0.5980266754  	-0.5980266754  	-0.2804025656  
1239 	-0.1891753528  	0.1891753528  	-0.6272568759  	-0.4841907649  	-1.566920368  	1.566920368  	-1.408588474  	1.408588474  	1.023274636  
1240 	-0.6852852095  	0.6852852095  	-0.596338014  	-0.2074275841  	0.1668477694  	-0.1668477694  	0.4506481801  	-0.4506481801  	-0.5907321949  
1241 	-0.4963135458  	0.4963135458  	-0.244386796  	-0.006625154741  	-0.4385936825  	0.4385936825  	-0.1970242841  	0.1970242841  	0.1981246493  
1244 	0.7035537572  	-0.7035537572  	0.2535777684  	-0.2477433052  	-0.250426449  	0.250426449  	-0.7851901169  	0.7851901169  	0.4175296392  
1245 	0.03167695239  	-0.03167695239  	0.4291390674  	0.3762644441  	0.1603421217  	-0.1603421217  	0.1315367302  	-0.1315367302  	0.2635966022  
1246 	-0.6626965986  	0.6626965986  	-0.3353640148  	0.03248750613  	-0.4820824993  	0.4820824993  	-0.02344189722  	0.02344189722  	0.04954974198  
1248 	-0.9645338041  	0.9645338041  	1.373140205  	1.739015202  	1.329812903  	-1.329812903  	1.918681263  	-1.918681263  	0.1775667747  
1249 	-1.12758695  	1.12758695  	0.1587519979  	0.7275067666  	0.2978704436  	-0.2978704436  	0.9934046506  	-0.9934046506  	-0.08172380572  
1250 	0.2643827224  	-0.2643827224  	1.167650765  	0.8401611537  	1.826341404  	-1.826341404  	1.426559187  	-1.426559187  	-0.2298598728  
1253 	-1.430831895  	1.430831895  	0.3271944363  	0.960081645  	1.142029329  	-1.142029329  	1.574117092  	-1.574117092  	-0.6576777022  
1256 	-0.9151318797  	0.9151318797  	0.5290619295  	0.8973475242  	-0.412976236  	0.412976236  	0.1516421875  	-0.1516421875  	0.8116599113  
1262 	-0.3026252399  	0.3026252399  	0.2305863181  	0.4331133026  	0.02256186837  	-0.02256186837  	0.2667003078  	-0.2667003078  	0.257594415  
