Subject BgtA AgtB B A BgtPRE PREgtB AgtPRE PREgtA PRE
1001 	-0.2741884488  	0.2741884488  	0.07584146965  	0.1876255298  	1.588629522  	-1.588629522  	1.677401704  	-1.677401704  	-1.445375559  
1002 	-1.078738051  	1.078738051  	-0.6057409724  	-0.1013439748  	-0.2430547492  	0.2430547492  	0.1336690151  	-0.1336690151  	-0.1584117297  
1003 	-0.8298771242  	0.8298771242  	-1.437340135  	-0.9330497214  	-0.5739920733  	0.5739920733  	-0.07883144667  	0.07883144667  	-0.7692595883  
1006 	0.2569009155  	-0.2569009155  	-0.3420638519  	-0.397512652  	-0.7791197407  	0.7791197407  	-0.8118884668  	0.8118884668  	0.2710257836  
1022 	0.5866094119  	-0.5866094119  	-0.03366388104  	-0.3499856838  	-0.4719248291  	0.4719248291  	-0.8241035096  	0.8241035096  	0.335616404  
1023 	2.612368114  	-2.612368114  	-0.6687881254  	-1.951410617  	-0.3652194515  	0.3652194515  	-1.2540825  	1.2540825  	-0.1040117954  
1029 	-0.1975111489  	0.1975111489  	-0.009623456084  	0.09208652925  	0.1279855217  	-0.1279855217  	0.2234055033  	-0.2234055033  	-0.1293020037  
1031 	0.8882007453  	-0.8882007453  	-0.2622951106  	-0.6560375868  	-0.6928755124  	0.6928755124  	-1.051634841  	1.051634841  	0.3452529397  
1034 	-1.078213493  	1.078213493  	0.2648541063  	0.6862315612  	0.1984473051  	-0.1984473051  	0.6003241965  	-0.6003241965  	0.009373268797  
1036 	-2.354812169  	2.354812169  	-1.464339243  	-0.3718037499  	-0.8842509834  	0.8842509834  	-0.02970234527  	0.02970234527  	-0.2071333461  
1038 	0.6636617495  	-0.6636617495  	0.3407467001  	0.03480950337  	0.08675960646  	-0.08675960646  	-0.2261750924  	0.2261750924  	0.2358767991  
1039 	-0.9740461412  	0.9740461412  	0.3769528473  	0.7443679951  	0.3164898263  	-0.3164898263  	0.597827542  	-0.597827542  	-0.04304421492  
1040 	1.895761179  	-1.895761179  	0.3241141304  	-0.4770276326  	0.6267928543  	-0.6267928543  	0.0660744886  	-0.0660744886  	-0.4977235333  
1043 	0.4120397556  	-0.4120397556  	-0.6821272524  	-0.8457251311  	-1.540956579  	1.540956579  	-1.818121596  	1.818121596  	0.9273682417  
1048 	0.3917683075  	-0.3917683075  	-0.2770887292  	-0.4464919041  	0.02725958382  	-0.02725958382  	-0.2509281722  	0.2509281722  	-0.2723805152  
1049 	0.7954136638  	-0.7954136638  	0.006464872533  	-0.3940625722  	-1.170528759  	1.170528759  	-1.35005466  	1.35005466  	0.9723980322  
1051 	-0.1172428283  	0.1172428283  	0.02354691492  	0.09026077572  	0.5379331996  	-0.5379331996  	0.6042110491  	-0.6042110491  	-0.4177633478  
1053 	-1.588821153  	1.588821153  	-0.2591527756  	0.6327393668  	-0.7160081357  	0.7160081357  	0.4667587503  	-0.4667587503  	0.283412265  
1056 	0.9790869815  	-0.9790869815  	-0.9552179957  	-1.193379728  	-0.1383660222  	0.1383660222  	-0.4421238181  	0.4421238181  	-0.6860220829  
1060 	1.459773951  	-1.459773951  	-0.3510508366  	-1.078122895  	-0.336823052  	0.336823052  	-1.112834645  	1.112834645  	-0.01378590976  
1062 	-1.082361387  	1.082361387  	-0.8355842694  	-0.2666176276  	-0.37373937  	0.37373937  	0.4053608761  	-0.4053608761  	-0.6920450568  
1077 	0.463432251  	-0.463432251  	-0.290809881  	-0.4393711038  	0.02428664453  	-0.02428664453  	-0.1856961835  	0.1856961835  	-0.2858214945  
1080 	-0.782595185  	0.782595185  	-0.6168657375  	-0.2406861467  	-1.311368703  	1.311368703  	-0.9706520483  	0.9706520483  	0.539573934  
1089 	-0.8041630343  	0.8041630343  	-0.1220216141  	0.2359441093  	-0.8680150304  	0.8680150304  	-0.5895294605  	0.5895294605  	0.6833716419  
1090 	-0.6494993902  	0.6494993902  	-0.5286074972  	-0.1628026549  	-0.7704273481  	0.7704273481  	-0.5201364295  	0.5201364295  	0.3544400372  
1097 	0.05834951488  	-0.05834951488  	-0.003124527078  	-0.03506308273  	-1.172588636  	1.172588636  	-1.095530878  	1.095530878  	0.9927954558  
1098 	-0.6807282215  	0.6807282215  	-1.127169999  	-0.6535807159  	-2.643782641  	2.643782641  	-2.270907427  	2.270907427  	1.682567121  
1101 	0.04366841524  	-0.04366841524  	-0.1408100961  	-0.1477659872  	-1.069297141  	1.069297141  	-1.065290969  	1.065290969  	1.031349264  
1102 	-0.753859163  	0.753859163  	-1.569856812  	-1.284836482  	-2.288451026  	2.288451026  	-1.906503233  	1.906503233  	0.3608965555  
1105 	-0.5472391247  	0.5472391247  	-0.234026663  	-0.02375012512  	0.6400087576  	-0.6400087576  	0.7538618407  	-0.7538618407  	-0.6365920217  
1106 	1.031142368  	-1.031142368  	0.356381541  	-0.1567739135  	0.2090748577  	-0.2090748577  	-0.1285764903  	0.1285764903  	0.02742343398  
1107 	-0.8532508113  	0.8532508113  	-1.150716535  	-0.7325064615  	-1.691761406  	1.691761406  	-1.424575108  	1.424575108  	0.763323692  
1115 	-0.3505263962  	0.3505263962  	-1.162639038  	-0.8173851264  	-1.270165095  	1.270165095  	-1.058442138  	1.058442138  	0.42657695  
1116 	-1.488938531  	1.488938531  	-0.914220188  	-0.2105872062  	-0.717548489  	0.717548489  	-0.1939236028  	0.1939236028  	0.05704370996  
1117 	0.8168008629  	-0.8168008629  	0.2762434732  	-0.1078697992  	-0.4798773387  	0.4798773387  	-0.9269045345  	0.9269045345  	0.6658655571  
1118 	-1.114835077  	1.114835077  	-0.7361798475  	-0.2796365858  	0.1064720248  	-0.1064720248  	0.4816051664  	-0.4816051664  	-0.6437944135  
1119 	-0.2271762872  	0.2271762872  	-0.9272578498  	-0.7857946198  	-0.9261298628  	0.9261298628  	-0.7905072328  	0.7905072328  	0.04999886138  
1124 	-1.344084537  	1.344084537  	-0.9058931516  	-0.2441278829  	0.6698251575  	-0.6698251575  	1.519557704  	-1.519557704  	-1.559124293  
1125 	-1.352833702  	1.352833702  	0.9594181817  	1.527131571  	-1.705929994  	1.705929994  	-1.289318114  	1.289318114  	2.136172111  
1127 	-0.03664805832  	0.03664805832  	1.099152097  	0.9713591642  	-0.720319714  	0.720319714  	-0.680347871  	0.680347871  	1.245570963  
1128 	0.3359603375  	-0.3359603375  	-0.04287391074  	-0.1914231895  	-1.007160527  	1.007160527  	-1.118858483  	1.118858483  	0.8460049147  
1134 	-1.405632244  	1.405632244  	-0.2398427841  	0.4099265196  	0.410394702  	-0.410394702  	0.8714021508  	-0.8714021508  	-0.4989228829  
1135 	0.7458805236  	-0.7458805236  	0.2449390583  	-0.06024466828  	-0.3322447423  	0.3322447423  	-0.4912149834  	0.4912149834  	0.5228158328  
1136 	0.5304696272  	-0.5304696272  	1.274060732  	1.152407301  	0.1643711602  	-0.1643711602  	-0.05163605602  	0.05163605602  	0.8988869579  
1137 	0.7670756751  	-0.7670756751  	-0.2318056468  	-0.5551635776  	-0.09467010945  	0.09467010945  	-0.3553935004  	0.3553935004  	-0.07593664995  
1138 	-0.2846816066  	0.2846816066  	0.1726378505  	0.2861716365  	0.509463686  	-0.509463686  	0.6019904744  	-0.6019904744  	-0.4012685266  
1139 	0.3018360857  	-0.3018360857  	-0.2089387794  	-0.3660158476  	-0.4151682504  	0.4151682504  	-0.6029798078  	0.6029798078  	0.1562312229  
1145 	-0.7779520835  	0.7779520835  	0.3791122502  	0.6846975207  	0.002347415674  	-0.002347415674  	0.2827749735  	-0.2827749735  	0.2794017392  
1147 	-0.9361633268  	0.9361633268  	0.5068246533  	0.9814666731  	0.04454382277  	-0.04454382277  	0.5650015029  	-0.5650015029  	0.5179941547  
1148 	0.04060811019  	-0.04060811019  	-0.2111358957  	-0.2253212601  	-0.3823116304  	0.3823116304  	-0.3989694955  	0.3989694955  	0.2225059286  
1150 	0.2569729552  	-0.2569729552  	-0.4345691414  	-0.5413882042  	-0.007653888019  	0.007653888019  	-0.09312471122  	0.09312471122  	-0.2774385589  
1151 	0.9199308262  	-0.9199308262  	1.556075984  	1.094816546  	1.223257553  	-1.223257553  	0.6924184039  	-0.6924184039  	0.4454023338  
1152 	-0.23591806  	0.23591806  	-0.839170441  	-0.6085663808  	0.3277529648  	-0.3277529648  	0.4144800669  	-0.4144800669  	-1.179284232  
1153 	-0.6994553104  	0.6994553104  	-0.1671009478  	0.2194094253  	-1.088594087  	1.088594087  	-0.6917670185  	0.6917670185  	0.7277641328  
1154 	0.7217370275  	-0.7217370275  	-0.9566491525  	-1.199484975  	-1.307059332  	1.307059332  	-1.55758683  	1.55758683  	0.4413825793  
1158 	-1.370832512  	1.370832512  	1.621135675  	1.998879835  	0.126872022  	-0.126872022  	0.7419679281  	-0.7419679281  	1.120655304  
1162 	-0.465890068  	0.465890068  	-0.1419839835  	0.09531885592  	0.8607456219  	-0.8607456219  	1.088803261  	-1.088803261  	-0.7291986844  
1166 	-0.0614775394  	0.0614775394  	0.4134242941  	0.4367809013  	-0.4932314498  	0.4932314498  	-0.4737774683  	0.4737774683  	0.7534205021  
1167 	0.0552505117  	-0.0552505117  	-0.9533148244  	-0.8865203921  	-1.323701201  	1.323701201  	-1.084833789  	1.084833789  	0.1460832563  
1171 	-0.754001638  	0.754001638  	0.228495484  	0.5763148163  	-0.7073383292  	0.7073383292  	-0.389718272  	0.389718272  	0.7140590553  
1173 	0.1230480179  	-0.1230480179  	0.9487758959  	0.8218030415  	-0.6675343575  	0.6675343575  	-0.6656475415  	0.6656475415  	1.101781686  
1175 	2.224311719  	-2.224311719  	0.08602237058  	-1.034951834  	-0.6088702071  	0.6088702071  	-1.36750813  	1.36750813  	0.6460722942  
1180 	-0.2547362932  	0.2547362932  	1.142320833  	1.142560853  	0.7036895829  	-0.7036895829  	0.7002508623  	-0.7002508623  	0.3433555424  
1181 	-1.867028547  	1.867028547  	-0.9158561465  	-0.1940584226  	-0.8645340763  	0.8645340763  	0.02604621409  	-0.02604621409  	-0.2180153372  
1182 	0.06398754735  	-0.06398754735  	0.6941280398  	0.6325000521  	1.305668242  	-1.305668242  	1.222723519  	-1.222723519  	-0.6675183851  
1183 	0.4011116456  	-0.4011116456  	-0.2086587252  	-0.4243101097  	0.4701100339  	-0.4701100339  	0.1475204962  	-0.1475204962  	-0.5023022319  
1185 	0.07137016775  	-0.07137016775  	0.5228094757  	0.4735051124  	0.1351330363  	-0.1351330363  	0.07889035382  	-0.07889035382  	0.5016762347  
1191 	-0.453841068  	0.453841068  	1.198765679  	1.186994176  	-0.7409187465  	0.7409187465  	-0.6451867382  	0.6451867382  	1.149144371  
1195 	0.2260982556  	-0.2260982556  	0.6713529072  	0.5628013585  	0.4131580337  	-0.4131580337  	0.2639528396  	-0.2639528396  	0.4063422268  
1196 	-0.8601500823  	0.8601500823  	0.977982499  	1.381778967  	0.7194699934  	-0.7194699934  	1.143719507  	-1.143719507  	0.1761205244  
1197 	-0.2712203304  	0.2712203304  	-1.432451802  	-1.231096692  	-0.6494597778  	0.6494597778  	-0.4569484888  	0.4569484888  	-0.5861081965  
1202 	-0.6714947996  	0.6714947996  	0.5662883267  	0.8019463008  	-0.3898375182  	0.3898375182  	0.008776048049  	-0.008776048049  	0.9306820466  
1203 	-0.5986531549  	0.5986531549  	0.1408902272  	0.40740759  	-0.2117816699  	0.2117816699  	0.1082273117  	-0.1082273117  	0.3055077359  
1205 	0.118862698  	-0.118862698  	0.2851658035  	0.182147534  	0.3839239812  	-0.3839239812  	0.3251083153  	-0.3251083153  	-0.1274910791  
1207 	1.132409487  	-1.132409487  	0.4056890673  	-0.1986298356  	-0.5488033189  	0.5488033189  	-1.109688963  	1.109688963  	0.8337358883  
1208 	0.64168357  	-0.64168357  	0.6309308293  	0.2010245225  	0.5227317985  	-0.5227317985  	0.01298947641  	-0.01298947641  	0.238573259  
1212 	-0.8053484875  	0.8053484875  	0.5131607981  	0.8521690535  	-1.157835486  	1.157835486  	-0.9612246418  	0.9612246418  	1.347128511  
1214 	1.464640323  	-1.464640323  	0.05205351201  	-0.660877275  	-0.8390716351  	0.8390716351  	-1.561549164  	1.561549164  	0.8089341439  
1215 	-0.4387446491  	0.4387446491  	0.3049586608  	0.4760304455  	-0.04158040702  	0.04158040702  	0.07697897509  	-0.07697897509  	0.1612239799  
1216 	0.6717741636  	-0.6717741636  	-0.2338707121  	-0.4828076594  	-1.217973158  	1.217973158  	-1.448028976  	1.448028976  	0.587182698  
1218 	0.3602964054  	-0.3602964054  	0.4738609344  	0.3442575203  	0.1670207789  	-0.1670207789  	0.03598504231  	-0.03598504231  	0.3056159261  
1219 	-0.4712544378  	0.4712544378  	-1.270501215  	-1.056263066  	-0.4786740227  	0.4786740227  	-0.289045167  	0.289045167  	-0.6799782505  
1222 	-0.8008156474  	0.8008156474  	-1.561257009  	-1.252038007  	-0.4318435959  	0.4318435959  	0.06741695973  	-0.06741695973  	-1.27692908  
1226 	-0.5612738608  	0.5612738608  	0.3506127661  	0.5700919036  	-1.061685087  	1.061685087  	-0.6477827457  	0.6477827457  	1.27985127  
1227 	-0.7200472995  	0.7200472995  	-1.036404845  	-0.7093645173  	-1.35115705  	1.35115705  	-1.035221573  	1.035221573  	0.267866817  
1228 	-0.777688291  	0.777688291  	1.231446367  	1.662595992  	1.589411402  	-1.589411402  	1.718781216  	-1.718781216  	-0.6627959152  
1233 	1.50058862  	-1.50058862  	-0.7189282428  	-1.446878631  	-1.525476924  	1.525476924  	-1.970651009  	1.970651009  	0.8821453156  
1237 	-0.6813224262  	0.6813224262  	-0.1058409313  	0.1806266593  	-0.4722405826  	0.4722405826  	-0.2098614146  	0.2098614146  	0.3147541254  
1239 	0.5230171416  	-0.5230171416  	-0.4792683589  	-0.6466472046  	-1.130569367  	1.130569367  	-1.21441481  	1.21441481  	0.6943386681  
1240 	-0.6655694705  	0.6655694705  	-0.5788356419  	-0.1984365217  	1.379775445  	-1.379775445  	1.595650399  	-1.595650399  	-1.703150905  
1241 	-0.2256639129  	0.2256639129  	0.03621136583  	0.1284619196  	-0.5752072921  	0.5752072921  	-0.4993548209  	0.4993548209  	0.703550596  
1244 	0.3805493016  	-0.3805493016  	0.2074571342  	-0.06274059872  	-0.4350413313  	0.4350413313  	-0.7080951303  	0.7080951303  	0.5205950148  
1245 	0.002606547541  	-0.002606547541  	1.232249523  	1.114316656  	0.2483434023  	-0.2483434023  	0.2246189071  	-0.2246189071  	0.9358408881  
1246 	-0.3926554052  	0.3926554052  	-0.7169274759  	-0.4570359121  	0.05962599069  	-0.05962599069  	0.275541772  	-0.275541772  	-0.7172532636  
1248 	-1.315976566  	1.315976566  	0.09474126315  	0.6914608125  	0.4501960319  	-0.4501960319  	1.225195674  	-1.225195674  	-0.3888692822  
1249 	-0.5042752747  	0.5042752747  	-0.211126266  	0.07746208468  	-0.4701994697  	0.4701994697  	-0.06380961123  	0.06380961123  	0.166874017  
1250 	0.3390167128  	-0.3390167128  	0.3237172498  	0.09193480374  	0.9441258575  	-0.9441258575  	0.5792781024  	-0.5792781024  	-0.4366249979  
1253 	-0.9243246592  	0.9243246592  	-0.2365042446  	0.251488012  	0.2211324793  	-0.2211324793  	0.6019237899  	-0.6019237899  	-0.3703627144  
1256 	-0.5891682751  	0.5891682751  	0.3031146003  	0.5494096715  	-0.5318231596  	0.5318231596  	-0.129102456  	0.129102456  	0.7210778027  
1262 	-0.2463613302  	0.2463613302  	-0.539898507  	-0.4619917413  	-0.3138714144  	0.3138714144  	-0.1388697043  	0.1388697043  	-0.391010711  
