Subject BgtA AgtB B A BgtPRE PREgtB AgtPRE PREgtA PRE
1001 	-0.1192446683  	0.1192446683  	-0.3773973649  	-0.3623462367  	1.684581116  	-1.684581116  	1.724567947  	-1.724567947  	-1.760725261  
1002 	-0.4108518015  	0.4108518015  	-0.2667905128  	-0.07072558181  	-0.2801101429  	0.2801101429  	-0.1433551305  	0.1433551305  	0.07479730397  
1003 	-0.06804038885  	0.06804038885  	-1.080697822  	-0.996357945  	-0.1228061016  	0.1228061016  	-0.0760967051  	0.0760967051  	-0.8314824717  
1006 	1.292226404  	-1.292226404  	0.1123000289  	-0.4616367729  	0.1864860777  	-0.1864860777  	-0.5149968554  	0.5149968554  	-0.03434043396  
1022 	-0.1812781174  	0.1812781174  	0.2553352714  	0.3199840124  	-0.7048211806  	0.7048211806  	-0.4849450784  	0.4849450784  	0.8193732725  
1023 	0.7097289244  	-0.7097289244  	-0.7401086269  	-1.035000197  	-0.8184627319  	0.8184627319  	-0.9985906511  	0.9985906511  	0.1998694262  
1029 	-0.9656569707  	0.9656569707  	-0.03578942071  	0.4766054987  	-0.5360220698  	0.5360220698  	0.03346639725  	-0.03346639725  	0.4591789987  
1031 	0.5288859496  	-0.5288859496  	0.6653163844  	0.429540642  	-0.9557558744  	0.9557558744  	-1.141361379  	1.141361379  	1.331023395  
1034 	-0.8845378798  	0.8845378798  	0.0145006159  	0.3760688563  	-1.16411275  	1.16411275  	-0.8420461569  	0.8420461569  	0.9754916465  
1036 	-0.9232629981  	0.9232629981  	-0.5105226631  	-0.1009824365  	-1.21617873  	1.21617873  	-0.8611186488  	0.8611186488  	0.65091251  
1038 	0.4300980629  	-0.4300980629  	0.1769852853  	-0.01452191682  	0.1031676734  	-0.1031676734  	-0.100817581  	0.100817581  	0.07985651342  
1039 	-0.7838574532  	0.7838574532  	0.09660413508  	0.385075196  	0.6014209905  	-0.6014209905  	0.8046723111  	-0.8046723111  	-0.4856283626  
1040 	1.473652552  	-1.473652552  	-0.08898145915  	-0.6648924011  	0.3636771258  	-0.3636771258  	-0.06364467503  	0.06364467503  	-0.4973348433  
1043 	-0.3253064035  	0.3253064035  	-1.071903119  	-0.8407687047  	-1.06760289  	1.06760289  	-0.9468750246  	0.9468750246  	0.07593530234  
1048 	0.6661514737  	-0.6661514737  	1.000276615  	0.5341592011  	0.1717376914  	-0.1717376914  	-0.3094519579  	0.3094519579  	0.8716721378  
1049 	1.405188502  	-1.405188502  	-0.8915854764  	-1.461654899  	-1.649102389  	1.649102389  	-2.017091441  	2.017091441  	0.8645938097  
1051 	-1.11241411  	1.11241411  	-0.6039923587  	-0.08733918206  	-0.8931774646  	0.8931774646  	-0.3396905768  	0.3396905768  	0.2133614685  
1053 	0.1917391971  	-0.1917391971  	1.796851919  	1.729370789  	0.3762956841  	-0.3762956841  	0.2256026324  	-0.2256026324  	1.604545818  
1056 	0.08272609787  	-0.08272609787  	-0.5431308313  	-0.4996777262  	-0.5332341696  	0.5332341696  	-0.5185735244  	0.5185735244  	0.09961846092  
1060 	0.7284959092  	-0.7284959092  	-0.07349448039  	-0.4325655252  	-0.7509819559  	0.7509819559  	-1.133974106  	1.133974106  	0.5918232834  
1062 	-0.7642811744  	0.7642811744  	0.06266976174  	0.4088429854  	0.3210822228  	-0.3210822228  	0.8328751308  	-0.8328751308  	-0.1858160949  
1077 	0.1789265257  	-0.1789265257  	0.1369579765  	0.05744170432  	0.183164686  	-0.183164686  	0.08773239532  	-0.08773239532  	-0.02157867283  
1080 	-0.505342756  	0.505342756  	-0.55123069  	-0.2911321349  	-1.757169218  	1.757169218  	-1.555400202  	1.555400202  	0.9486155903  
1089 	0.06952621018  	-0.06952621018  	-1.050999441  	-1.035389596  	-1.400281366  	1.400281366  	-1.368577548  	1.368577548  	0.6396409662  
1090 	1.347491808  	-1.347491808  	-1.436667769  	-1.938318488  	0.1588195813  	-0.1588195813  	-0.3416272279  	0.3416272279  	-0.9776178321  
1097 	0.2683120553  	-0.2683120553  	-0.2223845103  	-0.3394955215  	-0.3031799572  	0.3031799572  	-0.4116872075  	0.4116872075  	0.03889195352  
1098 	0.02399840785  	-0.02399840785  	-0.2728667018  	-0.2577807194  	-1.254192416  	1.254192416  	-1.196940012  	1.196940012  	0.9402132967  
1101 	0.3262213377  	-0.3262213377  	1.166180088  	0.9548358217  	0.1104608663  	-0.1104608663  	0.08862660014  	-0.08862660014  	0.1029724841  
1102 	-1.243899505  	1.243899505  	-0.7468341677  	-0.1467484899  	-1.106415265  	1.106415265  	-0.3965953238  	0.3965953238  	0.2104986959  
1105 	0.1030807564  	-0.1030807564  	-0.6235499073  	-0.6759508966  	1.10466484  	-1.10466484  	0.999261057  	-0.999261057  	-1.21539489  
1106 	1.177751538  	-1.177751538  	0.2832195636  	-0.3358211097  	0.5073079273  	-0.5073079273  	0.09604651198  	-0.09604651198  	-0.2680291674  
1107 	-0.3367671087  	0.3367671087  	-0.4315887798  	-0.268160685  	-2.097863387  	2.097863387  	-2.011285241  	2.011285241  	1.591426478  
1115 	0.04497570397  	-0.04497570397  	-0.5045873666  	-0.4497845276  	-2.527267818  	2.527267818  	-2.400412273  	2.400412273  	1.873938825  
1116 	-0.8824855838  	0.8824855838  	0.1581482722  	0.5560870671  	-0.504614203  	0.504614203  	-0.1951926326  	0.1951926326  	0.5696864296  
1117 	1.079043868  	-1.079043868  	-0.2538117844  	-0.7088997032  	-0.6743744457  	0.6743744457  	-1.262191524  	1.262191524  	0.2826402355  
1118 	-1.40572927  	1.40572927  	-0.3605359518  	0.2674026594  	0.1115118959  	-0.1115118959  	0.6059300723  	-0.6059300723  	-0.3713560705  
1119 	-0.4993195051  	0.4993195051  	0.1762490473  	0.4165161502  	-1.629461697  	1.629461697  	-1.320105048  	1.320105048  	1.583416558  
1124 	-0.8226571659  	0.8226571659  	0.7324425618  	1.153700456  	1.213921457  	-1.213921457  	1.665803277  	-1.665803277  	-0.008310633472  
1125 	0.2129499534  	-0.2129499534  	1.047766792  	0.9314329662  	-1.311910972  	1.311910972  	-1.377315703  	1.377315703  	1.825470982  
1127 	-0.07648167587  	0.07648167587  	-0.4382884433  	-0.3439903649  	-1.640749803  	1.640749803  	-1.556824718  	1.556824718  	1.09763664  
1128 	-0.09228596878  	0.09228596878  	1.198761151  	1.139854967  	0.301995723  	-0.301995723  	0.3339126292  	-0.3339126292  	0.4262683298  
1134 	-1.657710101  	1.657710101  	-0.8983081718  	-0.1122894867  	-0.5105864943  	0.5105864943  	0.0316539901  	-0.0316539901  	-0.09051978552  
1135 	0.4450788042  	-0.4450788042  	1.457565393  	1.253281828  	-0.1029920796  	0.1029920796  	-0.1992363826  	0.1992363826  	0.9769409189  
1136 	0.579848439  	-0.579848439  	-0.8393048069  	-1.186035397  	-0.1510265177  	0.1510265177  	-0.4060770702  	0.4060770702  	-0.5754311181  
1137 	1.747136293  	-1.747136293  	0.1476293084  	-0.5661497159  	-1.007947052  	1.007947052  	-1.659895674  	1.659895674  	1.07125729  
1138 	0.4078730851  	-0.4078730851  	-0.03079883114  	-0.2322909772  	-0.3976764079  	0.3976764079  	-0.5410474206  	0.5410474206  	0.3814619153  
1139 	1.015004372  	-1.015004372  	0.2557015165  	-0.2970393758  	0.06476975567  	-0.06476975567  	-0.5924100922  	0.5924100922  	0.2261909264  
1145 	-0.243038046  	0.243038046  	-0.3456847079  	-0.2427857533  	-0.4899414706  	0.4899414706  	-0.4106527202  	0.4106527202  	0.1397776734  
1147 	-0.5680201309  	0.5680201309  	-0.1195890436  	0.157796639  	-1.040929877  	1.040929877  	-0.7703752767  	0.7703752767  	0.9575995494  
1148 	0.2353735322  	-0.2353735322  	-0.6950897327  	-0.7746202116  	-1.338141088  	1.338141088  	-1.423886398  	1.423886398  	0.8026365367  
1150 	1.274676167  	-1.274676167  	0.5713807395  	-0.0347175196  	-1.175064829  	1.175064829  	-1.554622502  	1.554622502  	1.320301469  
1151 	-0.2766955885  	0.2766955885  	-0.07268357288  	0.08195094591  	-0.1363538677  	0.1363538677  	0.03438369033  	-0.03438369033  	0.04647155242  
1152 	-1.443399246  	1.443399246  	0.4212345583  	1.077542396  	0.5464404211  	-0.5464404211  	1.46931936  	-1.46931936  	0.1616511309  
1153 	-0.9619777901  	0.9619777901  	0.3046619346  	0.8003074571  	-1.400410627  	1.400410627  	-0.865432951  	0.865432951  	1.252605602  
1154 	-0.1025509167  	0.1025509167  	-1.000543885  	-0.8716296858  	-1.89724404  	1.89724404  	-1.783063281  	1.783063281  	1.022975423  
1158 	-0.6125715189  	0.6125715189  	-0.7602641543  	-0.4224163645  	-0.4576190001  	0.4576190001  	-0.1822790258  	0.1822790258  	-0.1944004081  
1162 	0.9634704039  	-0.9634704039  	0.4973221644  	-0.002606679649  	1.324855212  	-1.324855212  	0.7445148961  	-0.7445148961  	-0.562384473  
1166 	0.3138064463  	-0.3138064463  	0.3660417827  	0.2121758143  	-0.1385583771  	0.1385583771  	-0.3657516097  	0.3657516097  	0.4584371542  
1167 	-1.282620688  	1.282620688  	-0.8816733884  	-0.1573681685  	-1.103257377  	1.103257377  	-0.1600198998  	0.1600198998  	-0.02129406024  
1171 	-0.3143289781  	0.3143289781  	-0.5024278227  	-0.3552132379  	-0.3300927295  	0.3300927295  	-0.1968602159  	0.1968602159  	-0.0882873068  
1173 	1.100692713  	-1.100692713  	0.5296293516  	-0.02465155852  	-0.4170148885  	0.4170148885  	-0.8165919173  	0.8165919173  	0.6601916046  
1175 	0.2372942944  	-0.2372942944  	-0.7462045875  	-0.8792692831  	-0.9585744915  	0.9585744915  	-0.9917529191  	0.9917529191  	0.3627400377  
1180 	0.4295122659  	-0.4295122659  	1.063021273  	0.7242525725  	0.7961128263  	-0.7961128263  	0.4466893614  	-0.4466893614  	0.2117973969  
1181 	-0.3637690754  	0.3637690754  	2.295935306  	2.298953785  	0.5329806427  	-0.5329806427  	0.6662132201  	-0.6662132201  	1.840912645  
1182 	0.8706712639  	-0.8706712639  	1.282940709  	0.8242626923  	-0.1664120616  	0.1664120616  	-0.4928543307  	0.4928543307  	1.103991737  
1183 	-0.1187094771  	0.1187094771  	-2.253028783  	-2.27700077  	-2.339397008  	2.339397008  	-1.952229281  	1.952229281  	-0.7423700046  
1185 	-0.3063501281  	0.3063501281  	-0.4672982996  	-0.3205124494  	-1.19972605  	1.19972605  	-0.876692533  	0.876692533  	0.3298460713  
1191 	-0.8313373185  	0.8313373185  	0.6087855527  	0.8991682017  	-1.137528729  	1.137528729  	-0.9508076211  	0.9508076211  	1.203046136  
1195 	0.1277512706  	-0.1277512706  	0.2080823725  	0.1521738578  	0.5740834165  	-0.5740834165  	0.5161754066  	-0.5161754066  	-0.2717125428  
1196 	-0.5204284311  	0.5204284311  	0.731110355  	0.9793255388  	1.202312812  	-1.202312812  	1.522450955  	-1.522450955  	-0.6277162624  
1197 	1.843508573  	-1.843508573  	-0.2725702437  	-1.168470113  	0.3101397444  	-0.3101397444  	-0.5216906907  	0.5216906907  	-0.4641799944  
1202 	0.9861968644  	-0.9861968644  	1.029320578  	0.4913015522  	0.277117338  	-0.277117338  	-0.2763631815  	0.2763631815  	0.8274984284  
1203 	0.2461640037  	-0.2461640037  	1.238837516  	1.108661545  	-0.6719131373  	0.6719131373  	-0.8109839315  	0.8109839315  	1.720519513  
1205 	1.426672505  	-1.426672505  	0.8515249846  	-0.04545219227  	2.413983194  	-2.413983194  	1.720870355  	-1.720870355  	-1.698390379  
1207 	0.6869224024  	-0.6869224024  	-0.3757243011  	-0.7371687365  	-0.1616457367  	0.1616457367  	-0.5102798143  	0.5102798143  	-0.1862533271  
1208 	-0.1902863975  	0.1902863975  	0.7608507452  	0.744266365  	0.6396568875  	-0.6396568875  	0.6643896314  	-0.6643896314  	0.2448537078  
1212 	0.6301990021  	-0.6301990021  	0.2716581475  	-0.00627477162  	-0.06778632925  	0.06778632925  	-0.1981891375  	0.1981891375  	0.1904411814  
1214 	1.592459592  	-1.592459592  	0.7186243849  	-0.1999420568  	-0.871702301  	0.871702301  	-1.652218549  	1.652218549  	1.434076633  
1215 	0.03306165978  	-0.03306165978  	-0.7866423026  	-0.7510802649  	-0.8401907662  	0.8401907662  	-0.8055664449  	0.8055664449  	0.3466784034  
1216 	0.6686885706  	-0.6686885706  	-1.579050447  	-1.821373029  	-1.04166543  	1.04166543  	-1.284730338  	1.284730338  	-0.7679976455  
1218 	0.7313667981  	-0.7313667981  	-0.09528997678  	-0.378291732  	-0.1890441444  	0.1890441444  	-0.441415836  	0.441415836  	0.1186688686  
1219 	-0.1063785475  	0.1063785475  	-0.8512865392  	-0.8071514002  	-1.661754581  	1.661754581  	-1.737909472  	1.737909472  	0.7954369324  
1222 	-0.7584849194  	0.7584849194  	-0.5994614358  	-0.2441476041  	0.09516053658  	-0.09516053658  	0.533030166  	-0.533030166  	-0.6455106109  
1226 	-0.1956964603  	0.1956964603  	0.3977516904  	0.4548422387  	-1.114625031  	1.114625031  	-0.8667423857  	0.8667423857  	1.36386926  
1227 	-0.3768410765  	0.3768410765  	-0.6885547235  	-0.5198751041  	-0.6388653266  	0.6388653266  	-0.4698473533  	0.4698473533  	-0.1109037884  
1228 	-1.138500135  	1.138500135  	0.5614864709  	1.148469678  	1.209856272  	-1.209856272  	1.482735582  	-1.482735582  	-0.7322431096  
1233 	1.800694969  	-1.800694969  	-0.2328935377  	-1.103040103  	0.2894097376  	-0.2894097376  	-0.3446613526  	0.3446613526  	-0.3765801292  
1237 	-0.4275914293  	0.4275914293  	0.8545967948  	0.9828204426  	-0.08978863677  	0.08978863677  	0.06540438033  	-0.06540438033  	0.687476569  
1239 	0.831839792  	-0.831839792  	-0.7360130611  	-0.9932134267  	-0.8439279559  	0.8439279559  	-1.042361538  	1.042361538  	0.2710105831  
1240 	1.277175061  	-1.277175061  	0.1117718591  	-0.5322585609  	0.3889038211  	-0.3889038211  	-0.1850069966  	0.1850069966  	-0.2683247021  
1241 	-0.8581863021  	0.8581863021  	1.015182907  	1.34492364  	0.3711544302  	-0.3711544302  	0.859323075  	-0.859323075  	0.7622601915  
1244 	0.156046849  	-0.156046849  	0.1886433852  	0.08624496299  	1.183847292  	-1.183847292  	0.9699760055  	-0.9699760055  	-0.7044364663  
1245 	-0.6958347751  	0.6958347751  	0.5785302577  	0.7828221112  	-0.08583334891  	0.08583334891  	0.2474344434  	-0.2474344434  	0.5655158304  
1246 	-0.8408225127  	0.8408225127  	-0.5904873778  	-0.106710027  	-0.8836773661  	0.8836773661  	-0.2570622932  	0.2570622932  	0.1292940905  
1248 	-0.01741790884  	0.01741790884  	-0.7068320781  	-0.6561743986  	-0.425331691  	0.425331691  	-0.4173104312  	0.4173104312  	-0.3877972587  
1249 	-0.1070818754  	0.1070818754  	-0.08636254881  	-0.02732365599  	-0.5638082701  	0.5638082701  	-0.4005286379  	0.4005286379  	0.3923555016  
1250 	0.9300499992  	-0.9300499992  	0.6807158659  	0.07021186067  	0.5066374633  	-0.5066374633  	-0.248388946  	0.248388946  	0.3051037507  
1253 	-0.5173362207  	0.5173362207  	-0.3569642183  	-0.03965911061  	0.2079129057  	-0.2079129057  	0.4087923582  	-0.4087923582  	-0.4419816951  
1256 	-1.291249519  	1.291249519  	0.766940704  	1.291103674  	0.4749230331  	-0.4749230331  	1.157981025  	-1.157981025  	0.2677206236  
1262 	0.3019881531  	-0.3019881531  	-0.3131235043  	-0.5136962562  	-0.3753504358  	0.3753504358  	-0.5827466333  	0.5827466333  	-0.06563529781  
