Subject BgtA AgtB B A BgtPRE PREgtB AgtPRE PREgtA PRE
1001 	0.3299410012  	-0.3299410012  	0.08625451217  	-0.0389043915  	1.772874965  	-1.772874965  	1.710462185  	-1.710462185  	-1.599968664  
1002 	-0.7379005102  	0.7379005102  	-0.9831213023  	-0.6672345719  	-0.05001511684  	0.05001511684  	0.212007839  	-0.212007839  	-0.5355627261  
1003 	0.1830050886  	-0.1830050886  	-0.4051406937  	-0.4731893253  	-0.1267981311  	0.1267981311  	-0.2430748216  	0.2430748216  	-0.2470011723  
1006 	1.133721248  	-1.133721248  	-0.2894754819  	-0.7309873621  	0.2245776051  	-0.2245776051  	-0.4006419602  	0.4006419602  	-0.4092729475  
1022 	-0.4431876828  	0.4431876828  	0.4346191018  	0.6049119106  	-0.146653484  	0.146653484  	0.1759038457  	-0.1759038457  	0.5511993447  
1023 	0.0905032496  	-0.0905032496  	-0.6199018148  	-0.6488013155  	-0.6824497176  	0.6824497176  	-0.6691687386  	0.6691687386  	0.1732453409  
1029 	-0.7734902854  	0.7734902854  	0.5086051078  	0.885332084  	0.4965327431  	-0.4965327431  	0.8826716153  	-0.8826716153  	0.02726572617  
1031 	0.8351613879  	-0.8351613879  	0.7342002524  	0.3581892971  	-0.4713999716  	0.4713999716  	-0.8158065334  	0.8158065334  	1.001265848  
1034 	-0.9992734844  	0.9992734844  	0.2890427332  	0.6856594848  	-0.6109883493  	0.6109883493  	-0.2490741601  	0.2490741601  	0.717087838  
1036 	-1.534793535  	1.534793535  	-0.4597387911  	0.2195518539  	0.5570472101  	-0.5570472101  	1.030202983  	-1.030202983  	-0.7067686796  
1038 	0.02059614219  	-0.02059614219  	0.1589521034  	0.1442078529  	0.1704115153  	-0.1704115153  	0.1448393819  	-0.1448393819  	0.007822598062  
1039 	-1.021748146  	1.021748146  	-0.02414516405  	0.3655737824  	-0.2515025068  	0.2515025068  	0.0647000067  	-0.0647000067  	0.2207963299  
1040 	1.648253336  	-1.648253336  	0.3600158184  	-0.337289273  	0.7899685152  	-0.7899685152  	0.303326172  	-0.303326172  	-0.6802439852  
1043 	-0.9047154585  	0.9047154585  	-0.6122396391  	-0.1155270765  	-0.7229507247  	0.7229507247  	-0.2742362643  	0.2742362643  	0.1527642196  
1048 	0.5995312176  	-0.5995312176  	1.482633968  	0.9944931313  	0.7932326503  	-0.7932326503  	0.2903414695  	-0.2903414695  	0.8751520864  
1049 	0.4747704014  	-0.4747704014  	-0.3897184554  	-0.575244354  	-0.6200098106  	0.6200098106  	-0.7350211233  	0.7350211233  	0.2845089058  
1051 	-0.5909634174  	0.5909634174  	-0.05638022118  	0.2412242667  	-0.4359336703  	0.4359336703  	-0.1390563488  	0.1390563488  	0.3151903406  
1053 	0.08663611695  	-0.08663611695  	1.580880699  	1.571187285  	-0.05367285808  	0.05367285808  	-0.1348577661  	0.1348577661  	1.723832531  
1056 	0.5449575052  	-0.5449575052  	-0.9726089448  	-1.041607287  	-0.7676170192  	0.7676170192  	-0.877982728  	0.877982728  	-0.01710732161  
1060 	0.4840286274  	-0.4840286274  	0.2319030436  	-0.02782924444  	-0.6998260041  	0.6998260041  	-0.94908059  	0.94908059  	0.8009473805  
1062 	-0.5564891988  	0.5564891988  	-0.430334007  	-0.1419457496  	0.2926907613  	-0.2926907613  	0.6705224237  	-0.6705224237  	-0.7659901082  
1077 	-0.0007509963315  	0.0007509963315  	0.703427451  	0.6416299774  	0.4985532583  	-0.4985532583  	0.463159341  	-0.463159341  	0.2509405022  
1080 	-0.768622202  	0.768622202  	0.08930156719  	0.3775018409  	-0.864913344  	0.864913344  	-0.5146637309  	0.5146637309  	0.7617052188  
1089 	-0.9660998927  	0.9660998927  	-1.264214458  	-0.76347227  	-1.547118809  	1.547118809  	-1.192029224  	1.192029224  	0.6345993595  
1090 	0.7040107459  	-0.7040107459  	-1.229070412  	-1.440586946  	1.04863028  	-1.04863028  	0.7860736334  	-0.7860736334  	-1.591672455  
1097 	0.8778034744  	-0.8778034744  	0.3286513155  	-0.06762895833  	-0.6080839862  	0.6080839862  	-0.9908701321  	0.9908701321  	0.8382146515  
1098 	-0.6310375404  	0.6310375404  	-0.2936422045  	0.05774035955  	-1.578334433  	1.578334433  	-1.263402924  	1.263402924  	1.225086419  
1101 	0.9037788575  	-0.9037788575  	0.2329198827  	-0.08262170397  	-0.6126611493  	0.6126611493  	-0.6665189331  	0.6665189331  	0.645366224  
1102 	-0.4500047628  	0.4500047628  	-0.2547078671  	-0.03967553497  	-1.675046564  	1.675046564  	-1.433323927  	1.433323927  	1.295904509  
1105 	-0.1549384916  	0.1549384916  	-0.2580769558  	-0.2033246965  	0.6795888071  	-0.6795888071  	0.6706312492  	-0.6706312492  	-0.6620192492  
1106 	1.819893911  	-1.819893911  	0.6658601826  	-0.2061423632  	0.3436710549  	-0.3436710549  	-0.2328535568  	0.2328535568  	0.09035259028  
1107 	-0.2859584213  	0.2859584213  	-0.8774803419  	-0.7063799038  	-1.154829296  	1.154829296  	-1.063107978  	1.063107978  	0.4267871082  
1115 	0.2922916995  	-0.2922916995  	-0.3782163345  	-0.4533569543  	-1.520942413  	1.520942413  	-1.527145687  	1.527145687  	1.057546667  
1116 	-1.266871203  	1.266871203  	0.3137670549  	0.8910138047  	-0.08116128063  	0.08116128063  	0.3303848972  	-0.3303848972  	0.2901368732  
1117 	0.7924920478  	-0.7924920478  	-0.02663057776  	-0.3702477229  	-0.3962900442  	0.3962900442  	-0.8420739157  	0.8420739157  	0.2933835522  
1118 	-0.6740870128  	0.6740870128  	-0.6745840745  	-0.3875372839  	0.2304439883  	-0.2304439883  	0.4815229678  	-0.4815229678  	-0.7333968347  
1119 	-0.4472654852  	0.4472654852  	-0.4773903568  	-0.2449951255  	-1.087078385  	1.087078385  	-0.8118196766  	0.8118196766  	0.4803006999  
1124 	-0.8987236813  	0.8987236813  	-0.1827853416  	0.2397501077  	-0.3291543014  	0.3291543014  	0.3440889028  	-0.3440889028  	-0.004586113596  
1125 	-0.2623698076  	0.2623698076  	0.8679399747  	0.958592152  	-1.693452643  	1.693452643  	-1.615411365  	1.615411365  	2.061899489  
1127 	0.5355820943  	-0.5355820943  	-0.2534774353  	-0.4733266064  	-0.5281541282  	0.5281541282  	-0.7153327962  	0.7153327962  	0.2843930633  
1128 	-0.05532548484  	0.05532548484  	0.8373381127  	0.7933561214  	0.3603774784  	-0.3603774784  	0.3802400546  	-0.3802400546  	0.1796400785  
1134 	-0.530561505  	0.530561505  	-0.7272175388  	-0.4619272025  	0.4484284688  	-0.4484284688  	0.6166800595  	-0.6166800595  	-0.8407453748  
1135 	0.6045506047  	-0.6045506047  	1.322200225  	1.057710635  	-0.7704667379  	0.7704667379  	-0.8933428315  	0.8933428315  	1.608016696  
1136 	0.3290527304  	-0.3290527304  	0.07611472144  	-0.06345795426  	0.4059929571  	-0.4059929571  	0.2597266385  	-0.2597266385  	-0.2604315769  
1137 	0.738227025  	-0.738227025  	0.3583840161  	0.06333761884  	0.6908292381  	-0.6908292381  	0.499599535  	-0.499599535  	-0.3898702628  
1138 	0.6170572155  	-0.6170572155  	-0.2602541625  	-0.5377029023  	0.4684514719  	-0.4684514719  	0.2298581306  	-0.2298581306  	-0.6556293441  
1139 	0.0751257407  	-0.0751257407  	-0.1138632729  	-0.1549143015  	0.1208661822  	-0.1208661822  	0.07584779642  	-0.07584779642  	-0.2468436998  
1145 	0.4523185016  	-0.4523185016  	0.7128357358  	0.547723287  	0.1378937579  	-0.1378937579  	-0.007432955632  	0.007432955632  	0.4041725219  
1147 	-0.3810581369  	0.3810581369  	0.1163376252  	0.3025432826  	-0.723108075  	0.723108075  	-0.5442164345  	0.5442164345  	0.8822416215  
1148 	-0.2417985799  	0.2417985799  	-0.6583340452  	-0.5258512318  	-0.9436548367  	0.9436548367  	-0.867012728  	0.867012728  	0.4500353022  
1150 	0.4747399451  	-0.4747399451  	0.280702382  	0.04883735161  	-0.5225236747  	0.5225236747  	-0.6600454111  	0.6600454111  	0.6265268357  
1151 	0.1823057215  	-0.1823057215  	-0.5120488355  	-0.616144816  	0.3439839694  	-0.3439839694  	0.2363702317  	-0.2363702317  	-0.8090589681  
1152 	-0.5725544128  	0.5725544128  	0.3751342715  	0.6019755814  	1.270253236  	-1.270253236  	1.338398263  	-1.338398263  	-0.3393669723  
1153 	-1.062333712  	1.062333712  	0.6563361405  	1.18270455  	-0.4824901944  	0.4824901944  	-0.00885834248  	0.00885834248  	0.7633189357  
1154 	-0.1271356705  	0.1271356705  	0.1095111144  	0.1551735502  	-1.732842172  	1.732842172  	-1.617665544  	1.617665544  	1.797785151  
1158 	-0.3264387994  	0.3264387994  	0.9465447918  	0.976003641  	-1.090477908  	1.090477908  	-0.9462891558  	0.9462891558  	1.502743769  
1162 	0.8226905862  	-0.8226905862  	0.1759058134  	-0.2347100004  	1.094818953  	-1.094818953  	0.5882390832  	-0.5882390832  	-0.6353254804  
1166 	-0.5244327064  	0.5244327064  	0.004416494767  	0.2678575091  	-0.4709736296  	0.4709736296  	-0.1033542913  	0.1033542913  	0.3462980961  
1167 	-1.207724257  	1.207724257  	-0.6919569731  	-0.01954355963  	-0.7428026374  	0.7428026374  	0.09726082883  	-0.09726082883  	-0.1127145659  
1171 	0.2499077999  	-0.2499077999  	0.1534444579  	0.04166831398  	-1.285310458  	1.285310458  	-1.345189212  	1.345189212  	1.111982202  
1173 	0.1002661343  	-0.1002661343  	0.7862051576  	0.6767544405  	1.145577765  	-1.145577765  	1.02056676  	-1.02056676  	-0.3482767762  
1175 	1.081101801  	-1.081101801  	-0.5554536761  	-1.092168877  	-1.111090693  	1.111090693  	-1.427267283  	1.427267283  	0.6442733272  
1180 	-0.829316712  	0.829316712  	0.70066281  	1.041798401  	0.5432132479  	-0.5432132479  	0.8439558576  	-0.8439558576  	0.1317944228  
1181 	-0.5507278771  	0.5507278771  	0.9558369667  	1.077990198  	0.7903053645  	-0.7903053645  	0.9819609385  	-0.9819609385  	0.341285759  
1182 	0.5714676662  	-0.5714676662  	1.022329655  	0.7174268483  	-0.3656254101  	0.3656254101  	-0.5691013239  	0.5691013239  	1.083842253  
1183 	0.443026843  	-0.443026843  	-1.10373851  	-1.350306901  	-0.8793473049  	0.8793473049  	-1.027421846  	1.027421846  	-0.5116299625  
1185 	-0.7836817872  	0.7836817872  	-0.2127574165  	0.1265575313  	-1.112349969  	1.112349969  	-0.509833255  	0.509833255  	0.5888277484  
1191 	-0.6703226462  	0.6703226462  	0.8975149029  	1.053422403  	-0.9942176106  	0.9942176106  	-0.8333715994  	0.8333715994  	1.218447046  
1195 	0.7923836103  	-0.7923836103  	1.189893946  	0.8329713029  	1.237281184  	-1.237281184  	0.7506007826  	-0.7506007826  	0.317363297  
1196 	-0.3523633343  	0.3523633343  	0.1281556409  	0.2823635586  	-0.03461648814  	0.03461648814  	0.1081884232  	-0.1081884232  	0.1623012519  
1197 	0.78329562  	-0.78329562  	-0.4544642341  	-0.7991156096  	0.8025562577  	-0.8025562577  	0.3870757106  	-0.3870757106  	-0.9996253769  
1202 	0.3379950718  	-0.3379950718  	0.9229703781  	0.6781597168  	-0.1193822638  	0.1193822638  	-0.2903897595  	0.2903897595  	1.064947315  
1203 	0.2445512626  	-0.2445512626  	2.390743888  	2.251484835  	0.5374815399  	-0.5374815399  	0.4159789667  	-0.4159789667  	1.851219563  
1205 	0.5801665245  	-0.5801665245  	-0.0819822679  	-0.3869375144  	1.967717569  	-1.967717569  	1.728641201  	-1.728641201  	-1.958629266  
1207 	-0.1474903525  	0.1474903525  	0.314955601  	0.4061684116  	-0.7945431823  	0.7945431823  	-0.6509217601  	0.6509217601  	0.9038677338  
1208 	0.7406678842  	-0.7406678842  	0.7480623121  	0.2357714623  	1.161145786  	-1.161145786  	0.5272172551  	-0.5272172551  	-0.2343059985  
1212 	0.08749276693  	-0.08749276693  	0.705198456  	0.6625131728  	-0.2799541503  	0.2799541503  	-0.2935917724  	0.2935917724  	0.5797358828  
1214 	1.223678149  	-1.223678149  	-0.9048976284  	-1.323702243  	-1.161805059  	1.161805059  	-1.684836681  	1.684836681  	0.1103554368  
1215 	0.2206694713  	-0.2206694713  	0.3046225339  	0.1868448758  	-0.16240951  	0.16240951  	-0.2087393716  	0.2087393716  	0.3035937756  
1216 	0.9481415335  	-0.9481415335  	-1.317552801  	-1.644634199  	-0.7703366369  	0.7703366369  	-1.158719863  	1.158719863  	-0.7046386976  
1218 	0.7390891237  	-0.7390891237  	0.07367637223  	-0.2137514598  	-0.03378614934  	0.03378614934  	-0.2970890968  	0.2970890968  	0.1176503731  
1219 	-0.1689856105  	0.1689856105  	-0.1931967303  	-0.1183914547  	-0.6933199362  	0.6933199362  	-0.6651041651  	0.6651041651  	0.4757119171  
1222 	-0.352083418  	0.352083418  	-0.7947877367  	-0.635078274  	1.158362926  	-1.158362926  	1.290185341  	-1.290185341  	-1.623294002  
1226 	-0.6196815805  	0.6196815805  	-0.09543573532  	0.1747307916  	-1.046100379  	1.046100379  	-0.5958957937  	0.5958957937  	0.7835543851  
1227 	0.07732755518  	-0.07732755518  	-0.7083039917  	-0.7875794875  	-0.1106913439  	0.1106913439  	-0.1612739344  	0.1612739344  	-0.6638972997  
1228 	-1.330253921  	1.330253921  	-0.09111102114  	0.5625493594  	-0.3668815054  	0.3668815054  	0.08952374712  	-0.08952374712  	0.2752264338  
1233 	1.866922549  	-1.866922549  	-0.6790741852  	-1.572444386  	0.5132410255  	-0.5132410255  	-0.1608309758  	0.1608309758  	-0.8098123243  
1237 	-0.887121871  	0.887121871  	1.231242947  	1.520048373  	-0.2666441869  	0.2666441869  	0.06928856497  	-0.06928856497  	1.105149219  
1239 	0.9952012768  	-0.9952012768  	-0.6915949145  	-1.0257091  	0.03771225617  	-0.03771225617  	-0.2746623771  	0.2746623771  	-0.4717048694  
1240 	-0.3883868363  	0.3883868363  	-0.4432771525  	-0.2295353005  	-0.2510314646  	0.2510314646  	-0.06397477714  	0.06397477714  	-0.1219276386  
1241 	-0.9008083897  	0.9008083897  	-0.3416674397  	0.1126269195  	-0.980567881  	0.980567881  	-0.5414981796  	0.5414981796  	0.7141567524  
1244 	-0.7702245921  	0.7702245921  	-0.06006046168  	0.5057615207  	-0.1800153346  	0.1800153346  	0.4702727634  	-0.4702727634  	0.07308819253  
1245 	-0.2230687638  	0.2230687638  	0.1966668999  	0.2620460119  	-0.2708875111  	0.2708875111  	-0.1355784105  	0.1355784105  	0.3658649162  
1246 	-1.192290169  	1.192290169  	-0.4874123604  	0.1644183293  	-0.6176716702  	0.6176716702  	0.1719930714  	-0.1719930714  	0.005239747039  
1248 	-0.1342542358  	0.1342542358  	-0.03894482243  	0.02558716653  	0.6865953491  	-0.6865953491  	0.815775921  	-0.815775921  	-0.8095948248  
1249 	-0.5145104896  	0.5145104896  	-0.8268262341  	-0.4673124468  	-0.7847136218  	0.7847136218  	-0.30309858  	0.30309858  	-0.3234338484  
1250 	0.5832855402  	-0.5832855402  	0.5509794737  	0.1548607096  	0.8246965117  	-0.8246965117  	0.2530844167  	-0.2530844167  	-0.03088762957  
1253 	-0.7912553163  	0.7912553163  	-0.6470854233  	-0.1599972035  	0.7999473745  	-0.7999473745  	1.020856762  	-1.020856762  	-1.121573072  
1256 	-1.234221134  	1.234221134  	1.065515105  	1.478199075  	0.5658923534  	-0.5658923534  	1.197321117  	-1.197321117  	0.4741920049  
1262 	0.09496455389  	-0.09496455389  	-0.1718684842  	-0.2409807434  	-0.5029066138  	0.5029066138  	-0.5709165728  	0.5709165728  	0.2021646312  
