Subject BgtA AgtB B A BgtPRE PREgtB AgtPRE PREgtA PRE
1001 	-0.8090430508  	0.8090430508  	-1.368652067  	-1.077733073  	-0.294219279  	0.294219279  	-0.06377784418  	0.06377784418  	-0.5756062044  
1002 	0.4491870953  	-0.4491870953  	0.6084382771  	0.3416765614  	0.282108909  	-0.282108909  	0.1271441022  	-0.1271441022  	0.08708890067  
1003 	-1.260840164  	1.260840164  	-1.635035371  	-0.8701800277  	-0.3314305013  	0.3314305013  	0.3542765813  	-0.3542765813  	-1.05974852  
1006 	2.158864336  	-2.158864336  	1.72297843  	0.4078840557  	0.6883530095  	-0.6883530095  	-0.5168108556  	0.5168108556  	0.8572258321  
1022 	1.173708897  	-1.173708897  	0.4201757786  	-0.3041323677  	0.6307253771  	-0.6307253771  	-0.2509325043  	0.2509325043  	-0.09982798761  
1023 	-0.8121915487  	0.8121915487  	-1.247858465  	-0.7951140186  	-1.687903578  	1.687903578  	-1.338042096  	1.338042096  	0.7951320665  
1029 	0.09460907257  	-0.09460907257  	-2.481289352  	-2.389872401  	0.7765664479  	-0.7765664479  	0.6784563869  	-0.6784563869  	-3.053002197  
1031 	-0.825838182  	0.825838182  	-1.157483985  	-0.7436437107  	-1.987794203  	1.987794203  	-1.548430914  	1.548430914  	0.8089059335  
1034 	0.4932373723  	-0.4932373723  	-0.2063767016  	-0.4160773326  	-1.662710857  	1.662710857  	-1.852898314  	1.852898314  	1.340716901  
1036 	-3.430879361  	3.430879361  	0.4047764572  	2.113234857  	-1.480371766  	1.480371766  	-0.1740481012  	0.1740481012  	1.499095425  
1038 	1.403273985  	-1.403273985  	-0.7441699164  	-1.331718211  	-1.440895737  	1.440895737  	-1.928922637  	1.928922637  	0.537088983  
1039 	1.050729481  	-1.050729481  	0.06015135079  	-0.411194652  	-1.669265874  	1.669265874  	-1.892072056  	1.892072056  	1.655520766  
1040 	2.117560936  	-2.117560936  	0.497246088  	-0.6651991341  	0.7770665555  	-0.7770665555  	-0.0624396221  	0.0624396221  	-0.4993602575  
1043 	1.175018215  	-1.175018215  	0.4539147652  	-0.2196513717  	1.759721947  	-1.759721947  	1.224595295  	-1.224595295  	-1.435837514  
1048 	-0.8255637925  	0.8255637925  	0.3264613907  	0.7508236021  	-0.7307107328  	0.7307107328  	-0.1027946948  	0.1027946948  	0.9247278534  
1049 	0.7571501178  	-0.7571501178  	-0.3398604089  	-0.6853967957  	-1.44747977  	1.44747977  	-1.609744306  	1.609744306  	1.095703971  
1051 	-2.720053725  	2.720053725  	-2.388266791  	-1.104028828  	-0.3890321635  	0.3890321635  	0.9796687813  	-0.9796687813  	-1.776163216  
1053 	-0.7740878437  	0.7740878437  	0.4917458998  	0.9287365542  	1.686330284  	-1.686330284  	2.187090524  	-2.187090524  	-0.8679147353  
1056 	1.289918159  	-1.289918159  	-1.140988918  	-1.581607252  	-2.08398852  	2.08398852  	-2.431817921  	2.431817921  	1.283422208  
1060 	-0.4323749684  	0.4323749684  	0.4031719713  	0.6423200902  	0.007790456712  	-0.007790456712  	0.2371992381  	-0.2371992381  	0.3260914255  
1062 	-0.2311285143  	0.2311285143  	0.3650521244  	0.4637573333  	0.7394347714  	-0.7394347714  	0.8893858145  	-0.8893858145  	-0.2911151699  
1077 	-0.6872557199  	0.6872557199  	-0.5519353205  	-0.2233648014  	1.032162153  	-1.032162153  	1.263113227  	-1.263113227  	-1.362945845  
1080 	-0.1805186669  	0.1805186669  	-0.3042207565  	-0.1958774217  	0.5371587617  	-0.5371587617  	0.6254414737  	-0.6254414737  	-0.7158648492  
1089 	-0.01540795536  	0.01540795536  	-1.081817321  	-1.016816045  	-1.382263761  	1.382263761  	-1.343557968  	1.343557968  	0.6907683956  
1090 	-1.645711799  	1.645711799  	1.001354485  	1.743029448  	-2.12369771  	2.12369771  	-1.488921848  	1.488921848  	2.470049612  
1097 	0.3902137749  	-0.3902137749  	-1.173861659  	-1.346645861  	-2.602412869  	2.602412869  	-2.561978292  	2.561978292  	1.365845634  
1098 	-0.9425049616  	0.9425049616  	-2.564102465  	-1.92976339  	-1.482967009  	1.482967009  	-1.111508634  	1.111508634  	-0.2478569525  
1101 	1.37063886  	-1.37063886  	-1.875394495  	-2.1694695  	0.006627201185  	-0.006627201185  	-0.08935182313  	0.08935182313  	-0.3171427642  
1102 	-0.1692822906  	0.1692822906  	-0.9323777817  	-0.8642081867  	-3.322206535  	3.322206535  	-3.208886452  	3.208886452  	2.397053711  
1105 	0.109772266  	-0.109772266  	0.1610649037  	0.1080442697  	1.529765915  	-1.529765915  	1.435147085  	-1.435147085  	-1.248176383  
1106 	0.840674739  	-0.840674739  	0.4171857706  	-0.01948673414  	-0.4877724465  	0.4877724465  	-0.7464321586  	0.7464321586  	0.6637570822  
1107 	0.3617472849  	-0.3617472849  	-0.1574165929  	-0.3272567657  	-0.2680129149  	0.2680129149  	-0.390387532  	0.390387532  	0.1662185393  
1115 	0.9521722299  	-0.9521722299  	-1.808299101  	-2.156223613  	-1.028423967  	1.028423967  	-1.316446631  	1.316446631  	0.02963017558  
1116 	-0.8757317365  	0.8757317365  	-1.142650498  	-0.5911547209  	-0.994040806  	0.994040806  	-0.6499470286  	0.6499470286  	0.328357752  
1117 	1.420836562  	-1.420836562  	-0.04605131662  	-0.7894764509  	-0.2260933259  	0.2260933259  	-1.012913164  	1.012913164  	0.1700257428  
1118 	-0.1455216331  	0.1455216331  	-0.4264136096  	-0.3797951558  	0.5561673077  	-0.5561673077  	0.6305340609  	-0.6305340609  	-0.8798282181  
1119 	-0.7689413632  	0.7689413632  	-0.4196367258  	-0.003687642417  	-0.9642692527  	0.9642692527  	-0.5996894706  	0.5996894706  	0.6353367775  
1124 	-0.8871561871  	0.8871561871  	-1.574561926  	-1.052104356  	0.02878975439  	-0.02878975439  	0.5828356956  	-0.5828356956  	-1.700953768  
1125 	-0.5562670491  	0.5562670491  	0.9183450021  	1.170643645  	-2.377554368  	2.377554368  	-2.205368315  	2.205368315  	2.787615162  
1127 	-2.099604045  	2.099604045  	-1.742466491  	-0.4523268576  	-0.8903494616  	0.8903494616  	-0.06811041424  	0.06811041424  	-0.2417275352  
1128 	-2.219746574  	2.219746574  	0.6092980439  	1.704062365  	-0.1178753487  	0.1178753487  	0.6395736031  	-0.6395736031  	0.4366621577  
1134 	-0.8909418197  	0.8909418197  	-0.2448139975  	0.2522750241  	-0.8593354926  	0.8593354926  	-0.5434772896  	0.5434772896  	0.680958652  
1135 	1.226747363  	-1.226747363  	0.5805783565  	0.04243620129  	4.070093426  	-4.070093426  	3.857834331  	-3.857834331  	-4.212486769  
1136 	0.6853608244  	-0.6853608244  	0.8451442593  	0.5719335095  	-0.9567742579  	0.9567742579  	-1.262850317  	1.262850317  	1.477124775  
1137 	1.892775981  	-1.892775981  	-0.1821649759  	-1.065267182  	-0.3033196752  	0.3033196752  	-0.9442980701  	0.9442980701  	0.1972008907  
1138 	0.6838811976  	-0.6838811976  	0.8148222494  	0.3641988656  	-0.4854493031  	0.4854493031  	-0.7354320848  	0.7354320848  	1.055531616  
1139 	1.066858128  	-1.066858128  	0.9085453655  	0.3169217955  	1.303119492  	-1.303119492  	0.6153832033  	-0.6153832033  	-0.2336529833  
1145 	-1.08554826  	1.08554826  	0.4926045017  	0.9151957863  	-2.317036001  	2.317036001  	-2.046658699  	2.046658699  	2.245429587  
1147 	-1.223444779  	1.223444779  	0.3370672196  	0.9650849384  	0.02403671983  	-0.02403671983  	0.710077286  	-0.710077286  	0.347681031  
1148 	-0.4063163543  	0.4063163543  	-0.3203752762  	-0.1189328013  	-0.5169858213  	0.5169858213  	-0.3882152349  	0.3882152349  	0.3101016869  
1150 	0.9215794669  	-0.9215794669  	-1.527704982  	-1.913912661  	-1.684530799  	1.684530799  	-1.929183494  	1.929183494  	0.5841701749  
1151 	-0.8688514816  	0.8688514816  	0.3000051822  	0.7922684844  	1.44279045  	-1.44279045  	1.915956621  	-1.915956621  	-1.063099904  
1152 	-1.289440294  	1.289440294  	-1.978749809  	-0.9846547155  	-4.310564009  	4.310564009  	-2.512080106  	2.512080106  	1.384853207  
1153 	-3.154917981  	3.154917981  	0.570658817  	2.216383638  	-1.74057479  	1.74057479  	-0.304409377  	0.304409377  	1.679551466  
1154 	0.5354723866  	-0.5354723866  	-1.501142233  	-1.638356987  	-1.047028074  	1.047028074  	-1.237963773  	1.237963773  	-0.2520495758  
1158 	-0.4485213568  	0.4485213568  	0.5146682252  	0.6628099946  	-0.8876215377  	0.8876215377  	-0.6832307429  	0.6832307429  	1.041397274  
1162 	-1.163604987  	1.163604987  	-0.8665144062  	-0.2042770699  	-0.6573731182  	0.6573731182  	0.009865127756  	-0.009865127756  	-0.1776595664  
1166 	0.9608749451  	-0.9608749451  	0.7455156376  	0.1859312255  	-3.126317556  	3.126317556  	-3.671881633  	3.671881633  	3.13362618  
1167 	0.8401942184  	-0.8401942184  	-1.079546837  	-1.380303232  	-2.259049325  	2.259049325  	-2.249393247  	2.249393247  	0.9337180872  
1171 	0.3717368302  	-0.3717368302  	1.351080136  	1.119971681  	0.1839853852  	-0.1839853852  	0.03049762993  	-0.03049762993  	0.7353140175  
1173 	0.8823373736  	-0.8823373736  	-1.441020873  	-1.762224685  	0.7547907755  	-0.7547907755  	0.3417230935  	-0.3417230935  	-1.479954411  
1175 	3.232511461  	-3.232511461  	-0.0906396606  	-1.831528859  	-0.3116015224  	0.3116015224  	-1.50824364  	1.50824364  	0.2550790087  
1180 	1.481289007  	-1.481289007  	0.2200532404  	-0.665431333  	-0.4692163453  	0.4692163453  	-1.080940327  	1.080940327  	0.5891915563  
1181 	0.5215793171  	-0.5215793171  	0.4124145755  	0.1732104929  	0.1631643188  	-0.1631643188  	-0.07096694312  	0.07096694312  	0.2473461392  
1182 	-0.5129188122  	0.5129188122  	0.5193402201  	0.7501691992  	-0.8622880112  	0.8622880112  	-0.6300436598  	0.6300436598  	1.173183821  
1183 	-0.2534497193  	0.2534497193  	-0.7247381016  	-0.562414367  	1.399630935  	-1.399630935  	1.373580848  	-1.373580848  	-1.870620317  
1185 	-0.3227687496  	0.3227687496  	0.668663932  	0.7986172059  	-0.6041653112  	0.6041653112  	-0.3346759623  	0.3346759623  	1.253139002  
1191 	-0.7541801988  	0.7541801988  	1.646337203  	1.708053704  	-3.229542807  	3.229542807  	-3.245538875  	3.245538875  	3.383258007  
1195 	2.757048046  	-2.757048046  	1.360661762  	-0.1233897645  	0.805876468  	-0.805876468  	-1.024425009  	1.024425009  	0.8447064319  
1196 	-1.252787605  	1.252787605  	-0.2722997435  	0.2800990907  	-0.1975289732  	0.1975289732  	0.3148981729  	-0.3148981729  	-0.05092945431  
1197 	0.2634976643  	-0.2634976643  	-0.3920691403  	-0.5141716181  	0.4630066048  	-0.4630066048  	0.2990948994  	-0.2990948994  	-0.6743813495  
1202 	0.1751356467  	-0.1751356467  	0.9259516987  	0.7358131369  	-0.0442786133  	0.0442786133  	-0.1222609326  	0.1222609326  	0.8783421783  
1203 	-1.101038277  	1.101038277  	-3.018492551  	-2.458147259  	-2.470154586  	2.470154586  	-1.914711067  	1.914711067  	-0.6889185267  
1205 	-0.7768433977  	0.7768433977  	0.4403924846  	0.8107360789  	-1.747530822  	1.747530822  	-1.295253461  	1.295253461  	2.02441075  
1207 	0.7984439546  	-0.7984439546  	1.254843772  	0.8985057814  	-0.3351746406  	0.3351746406  	-0.7488454517  	0.7488454517  	1.468658311  
1208 	-1.214978973  	1.214978973  	0.6578581615  	1.218903429  	-0.3104711444  	0.3104711444  	0.5201815342  	-0.5201815342  	0.9323591021  
1212 	0.6785188566  	-0.6785188566  	-1.499877638  	-1.745865625  	-0.05417608768  	0.05417608768  	-0.2251124633  	0.2251124633  	-0.7168153961  
1214 	1.803389176  	-1.803389176  	-0.3520138235  	-1.192662199  	-1.675848411  	1.675848411  	-2.375519852  	2.375519852  	1.178926407  
1215 	-1.775991547  	1.775991547  	-1.13617072  	-0.251685825  	-3.752452546  	3.752452546  	-3.211770362  	3.211770362  	2.843606366  
1216 	-0.9416532974  	0.9416532974  	-1.75280894  	-1.357044454  	0.2441680617  	-0.2441680617  	0.6830771476  	-0.6830771476  	-1.713849755  
1218 	-0.658990192  	0.658990192  	-1.144446983  	-0.8809393161  	-3.59065679  	3.59065679  	-3.337654611  	3.337654611  	2.906245088  
1219 	-2.119127587  	2.119127587  	-1.724120967  	-0.6033293634  	-1.309351629  	1.309351629  	-0.3677188136  	0.3677188136  	-0.1352924019  
1222 	-1.098909297  	1.098909297  	0.9276834833  	1.478348861  	1.607010727  	-1.607010727  	2.122678923  	-2.122678923  	-0.3619808098  
1226 	-1.594432872  	1.594432872  	0.8164308752  	1.534665488  	-1.226468229  	1.226468229  	-0.2863195661  	0.2863195661  	1.861280519  
1227 	-0.9154718573  	0.9154718573  	-1.228611433  	-0.7768333911  	-0.3512879509  	0.3512879509  	0.1330430639  	-0.1330430639  	-0.8868034756  
1228 	-0.4005981695  	0.4005981695  	1.556390691  	1.799120816  	1.901463816  	-1.901463816  	1.914042238  	-1.914042238  	-0.7830143993  
1233 	1.089517929  	-1.089517929  	-1.615756043  	-2.094543746  	-0.9437667861  	0.9437667861  	-1.288037644  	1.288037644  	-0.09236901413  
1237 	0.3765930432  	-0.3765930432  	0.6674888497  	0.4505021592  	-0.5906317697  	0.5906317697  	-0.7266619179  	0.7266619179  	0.9632038509  
1239 	-0.2869515005  	0.2869515005  	-2.828724151  	-2.390457194  	-0.001035516427  	0.001035516427  	0.09251921402  	-0.09251921402  	-1.81744416  
1240 	-3.13692957  	3.13692957  	-1.086264386  	0.649967646  	-1.078029922  	1.078029922  	0.3638747334  	-0.3638747334  	0.1760004878  
1241 	0.3094597909  	-0.3094597909  	0.9346984559  	0.6972478105  	-0.1308497059  	0.1308497059  	-0.3082423565  	0.3082423565  	1.137403515  
1244 	-0.5100429423  	0.5100429423  	-0.6397559495  	-0.2699300945  	-2.467787409  	2.467787409  	-2.005435375  	2.005435375  	1.531908766  
1245 	0.6454700823  	-0.6454700823  	0.9292421729  	0.5387878425  	0.4074445232  	-0.4074445232  	0.06147513136  	-0.06147513136  	0.4759973534  
1246 	-1.00918702  	1.00918702  	-0.7016776778  	-0.08978004845  	-0.7347595218  	0.7347595218  	-0.03246654772  	0.03246654772  	-0.06403875532  
1248 	-1.449860681  	1.449860681  	-0.6595086567  	0.07949187653  	-0.2502275072  	0.2502275072  	0.5753950707  	-0.5753950707  	-0.5345565961  
1249 	0.4425132229  	-0.4425132229  	-0.145953242  	-0.361039032  	-0.3177888856  	0.3177888856  	-0.5569891013  	0.5569891013  	0.1204365057  
1250 	-0.7532352522  	0.7532352522  	-1.40052922  	-0.7727896164  	0.6926335493  	-0.6926335493  	1.231993769  	-1.231993769  	-1.998755242  
1253 	-0.1835397148  	0.1835397148  	-1.21115786  	-0.9012618386  	-1.375015972  	1.375015972  	-1.074086619  	1.074086619  	0.3109203737  
1256 	-1.799237258  	1.799237258  	0.2640479035  	1.222910607  	-0.5476517318  	0.5476517318  	0.4559664549  	-0.4559664549  	0.7635616285  
1262 	-1.735309706  	1.735309706  	-1.215605653  	-0.1813826427  	0.8713199019  	-0.8713199019  	1.906478746  	-1.906478746  	-2.096034261  
